0	1	1	1	1	1	71.05	0.898	0	0.102	0	1
0	1	1	1	1	1	68.89	0.898	0	0.102	0	1
1	0	1	1	0	0	.	0	0.018	0.982	0	3
0	0	0	0	0	0	71	0	0.966	0.034	0	2
1	1	0	0	1	0	.	0.143	0	0.32	0.537	4
1	1	1	1	1	0	59.3	0.956	0	0.044	0	1
1	1	0	1	1	0	.	0.613	0	0.117	0.27	1
1	1	1	1	1	0	66.62	0.956	0	0.044	0	1
1	0	0	1	1	1	.	0.099	0	0.134	0.768	4
1	1	0	1	1	0	60.2	0.613	0	0.117	0.27	1
1	1	1	1	1	0	63.59	0.956	0	0.044	0	1
0	0	0	1	0	0	63.82	0	0.775	0.225	0	2
1	0	1	1	0	0	56.01	0	0.018	0.982	0	3
0	0	0	0	0	0	.	0	0.966	0.034	0	2
0	1	1	1	1	0	64.2	0.898	0	0.102	0	1
0	0	0	1	1	0	.	0.033	0	0.112	0.855	4
1	1	1	1	1	1	.	0.956	0	0.044	0	1
1	1	1	1	1	1	59.84	0.956	0	0.044	0	1
1	1	0	1	1	1	79.18	0.613	0	0.117	0.27	1
1	1	1	1	1	1	55.87	0.956	0	0.044	0	1
1	1	1	0	1	0	66.97	0.648	0	0.352	0	1
1	0	0	0	1	0	47.17	0.012	0	0.191	0.797	4
0	1	1	1	1	0	56.88	0.898	0	0.102	0	1
1	1	0	1	1	0	46.53	0.613	0	0.117	0.27	1
1	1	1	0	1	1	54.62	0.648	0	0.352	0	1
1	1	1	0	1	1	57.14	0.648	0	0.352	0	1
1	0	1	1	1	0	42.69	0.752	0	0.248	0	1
1	1	1	1	1	0	64.58	0.956	0	0.044	0	1
0	0	0	0	0	1	41.55	0	0.966	0.034	0	2
1	1	1	1	1	1	.	0.956	0	0.044	0	1
1	0	1	1	0	1	.	0	0.018	0.982	0	3
0	1	0	0	1	0	53.38	0.053	0	0.292	0.654	4
0	0	1	.	1	1	54.76	0.45	0	0.55	0	3
1	1	0	1	1	0	55.78	0.613	0	0.117	0.27	1
1	1	1	0	1	0	.	0.648	0	0.352	0	1
1	1	0	1	0	1	44.57	0	0.036	0.964	0	3
1	1	0	1	1	1	36.1	0.613	0	0.117	0.27	1
1	1	1	1	1	0	49.24	0.956	0	0.044	0	1
1	0	0	1	1	1	.	0.099	0	0.134	0.768	4
1	1	0	1	1	1	46.37	0.613	0	0.117	0.27	1
1	1	0	1	1	0	49.26	0.613	0	0.117	0.27	1
1	1	0	1	1	1	.	0.613	0	0.117	0.27	1
0	0	0	1	1	1	43.03	0.033	0	0.112	0.855	4
1	1	1	0	0	1	.	0	0.006	0.994	0	3
1	0	1	1	1	0	71.11	0.752	0	0.248	0	1
0	1	1	1	1	1	52.19	0.898	0	0.102	0	1
1	1	1	.	1	1	.	0.935	0	0.065	0	1
0	0	1	1	1	1	.	0.552	0	0.448	0	1
0	1	1	1	1	0	48	0.898	0	0.102	0	1
0	1	0	0	0	1	40.28	0	0.538	0.462	0	2
0	1	1	1	0	1	.	0	0.003	0.997	0	3
0	0	0	0	1	0	51.63	0.004	0	0.152	0.844	4
0	0	0	0	0	1	36.56	0	0.966	0.034	0	2
0	1	1	1	1	0	44.12	0.898	0	0.102	0	1
1	1	1	1	1	0	.	0.956	0	0.044	0	1
1	1	0	1	0	1	34.69	0	0.036	0.964	0	3
0	1	1	1	0	0	56.13	0	0.003	0.997	0	3
1	1	0	1	1	0	.	0.613	0	0.117	0.27	1
1	1	1	1	1	1	71.46	0.956	0	0.044	0	1
0	1	0	1	1	1	42.4	0.343	0	0.161	0.495	4
0	0	0	1	1	1	.	0.033	0	0.112	0.855	4
1	1	1	1	1	0	.	0.956	0	0.044	0	1
1	1	1	1	1	0	36.61	0.956	0	0.044	0	1
1	0	1	0	0	1	.	0	0.133	0.867	0	3
1	1	1	1	1	1	42.74	0.956	0	0.044	0	1
1	0	1	1	1	1	39.46	0.752	0	0.248	0	1
1	1	0	1	1	0	.	0.613	0	0.117	0.27	1
0	1	1	1	1	1	.	0.898	0	0.102	0	1
.	1	1	1	1	0	32.93	0.944	0	0.056	0	1
1	1	1	1	1	0	.	0.956	0	0.044	0	1
1	1	1	1	1	0	46.69	0.956	0	0.044	0	1
1	1	1	1	1	1	.	0.956	0	0.044	0	1
1	1	0	1	1	0	77.24	0.613	0	0.117	0.27	1
1	1	1	1	1	1	.	0.956	0	0.044	0	1
1	0	0	1	1	1	37.96	0.099	0	0.134	0.768	4
1	1	1	1	1	1	.	0.956	0	0.044	0	1
1	.	0	0	0	1	.	0	0.739	0.261	0	2
1	1	0	1	1	1	45.3	0.613	0	0.117	0.27	1
0	0	0	0	0	1	.	0	0.966	0.034	0	2
1	1	1	1	1	0	68.6	0.956	0	0.044	0	1
0	0	0	0	0	1	38.03	0	0.966	0.034	0	2
0	1	1	1	0	1	44.42	0	0.003	0.997	0	3
0	1	1	1	0	0	46.26	0	0.003	0.997	0	3
1	1	1	1	1	1	43.74	0.956	0	0.044	0	1
1	1	0	1	1	1	.	0.613	0	0.117	0.27	1
0	0	0	1	0	1	.	0	0.775	0.225	0	2
0	1	0	0	1	1	.	0.053	0	0.292	0.654	4
1	1	1	1	1	1	.	0.956	0	0.044	0	1
0	1	0	0	0	1	.	0	0.538	0.462	0	2
1	1	1	1	1	1	70.17	0.956	0	0.044	0	1
0	0	0	0	0	1	53.95	0	0.966	0.034	0	2
1	0	0	0	1	1	.	0.012	0	0.191	0.797	4
1	1	0	1	1	1	45.32	0.613	0	0.117	0.27	1
1	1	1	1	1	1	.	0.956	0	0.044	0	1
1	1	1	1	1	0	.	0.956	0	0.044	0	1
0	0	0	0	0	1	.	0	0.966	0.034	0	2
0	1	1	1	1	1	56.55	0.898	0	0.102	0	1
1	1	1	1	0	1	.	0	0.001	0.999	0	3
1	1	1	1	1	1	56.16	0.956	0	0.044	0	1
1	1	1	1	1	1	62.91	0.956	0	0.044	0	1
0	1	0	1	1	0	45	0.343	0	0.161	0.495	4
1	1	1	1	1	1	.	0.956	0	0.044	0	1
0	0	0	0	0	0	.	0	0.966	0.034	0	2
1	1	1	1	0	0	.	0	0.001	0.999	0	3
0	1	0	1	0	1	.	0	0.123	0.877	0	3
0	0	0	1	0	1	.	0	0.775	0.225	0	2
1	1	1	1	1	1	.	0.956	0	0.044	0	1
1	1	0	0	1	0	40.79	0.143	0	0.32	0.537	4
1	1	0	1	1	0	.	0.613	0	0.117	0.27	1
1	1	1	1	1	1	.	0.956	0	0.044	0	1
1	1	1	0	0	0	42.26	0	0.006	0.994	0	3
1	0	1	0	1	1	.	0.206	0	0.794	0	3
1	.	1	1	0	0	50.52	0	0.007	0.993	0	3
1	0	1	1	0	0	51.66	0	0.018	0.982	0	3
1	1	0	1	1	0	.	0.613	0	0.117	0.27	1
1	1	1	1	1	0	.	0.956	0	0.044	0	1
0	0	0	1	0	1	.	0	0.775	0.225	0	2
1	1	1	1	1	0	.	0.956	0	0.044	0	1
1	0	0	0	1	0	41.34	0.012	0	0.191	0.797	4
1	1	1	1	1	0	.	0.956	0	0.044	0	1
1	1	1	0	0	0	.	0	0.006	0.994	0	3
0	0	0	0	1	1	38.89	0.004	0	0.152	0.844	4
1	1	1	1	1	1	51.54	0.956	0	0.044	0	1
1	0	0	0	0	0	.	0	0.883	0.117	0	2
1	0	0	1	1	0	30.37	0.099	0	0.134	0.768	4
1	1	0	1	1	0	37.32	0.613	0	0.117	0.27	1
1	0	1	1	0	0	.	0	0.018	0.982	0	3
0	1	1	1	1	1	.	0.898	0	0.102	0	1
0	1	1	1	1	0	.	0.898	0	0.102	0	1
1	1	1	1	1	1	.	0.956	0	0.044	0	1
1	0	0	1	1	1	.	0.099	0	0.134	0.768	4
1	1	1	1	1	0	54.82	0.956	0	0.044	0	1
1	1	1	1	0	1	.	0	0.001	0.999	0	3
0	1	0	1	0	1	.	0	0.123	0.877	0	3
1	1	0	1	1	0	46.41	0.613	0	0.117	0.27	1
1	1	1	1	1	1	.	0.956	0	0.044	0	1
1	0	1	0	1	1	45.36	0.206	0	0.794	0	3
1	1	0	0	0	1	.	0	0.235	0.765	0	3
0	1	1	1	1	1	.	0.898	0	0.102	0	1
1	1	1	1	1	0	.	0.956	0	0.044	0	1
0	1	0	1	1	1	47.59	0.343	0	0.161	0.495	4
1	1	0	1	1	1	.	0.613	0	0.117	0.27	1
0	0	0	1	1	0	46.18	0.033	0	0.112	0.855	4
1	0	0	0	0	0	.	0	0.883	0.117	0	2
0	0	0	0	1	1	42.18	0.004	0	0.152	0.844	4
1	0	0	1	1	0	43.81	0.099	0	0.134	0.768	4
0	1	1	1	1	1	33.46	0.898	0	0.102	0	1
1	1	1	1	1	1	44.62	0.956	0	0.044	0	1
0	1	0	1	1	0	.	0.343	0	0.161	0.495	4
1	0	0	0	0	0	.	0	0.883	0.117	0	2
1	1	1	1	1	0	44.36	0.956	0	0.044	0	1
1	1	1	1	1	1	.	0.956	0	0.044	0	1
1	0	0	1	1	1	.	0.099	0	0.134	0.768	4
1	0	0	0	1	0	.	0.012	0	0.191	0.797	4
0	1	0	1	0	1	.	0	0.123	0.877	0	3
1	1	1	1	1	0	84	0.956	0	0.044	0	1
1	0	1	1	1	0	70.44	0.752	0	0.248	0	1
0	0	0	1	1	0	68.48	0.033	0	0.112	0.855	4
1	0	0	1	0	1	72.01	0	0.477	0.523	0	3
1	0	0	0	0	1	49.19	0	0.883	0.117	0	2
0	1	0	1	1	0	69.9	0.343	0	0.161	0.495	4
1	0	0	0	1	0	69	0.012	0	0.191	0.797	4
1	1	0	1	1	1	66.37	0.613	0	0.117	0.27	1
1	1	1	1	1	1	77.39	0.956	0	0.044	0	1
0	1	0	0	1	1	59.18	0.053	0	0.292	0.654	4
0	0	1	1	1	0	63.82	0.552	0	0.448	0	1
1	1	1	1	1	1	75.3	0.956	0	0.044	0	1
0	1	1	1	1	1	65.42	0.898	0	0.102	0	1
1	1	1	1	1	0	58.06	0.956	0	0.044	0	1
1	0	0	0	0	0	69.19	0	0.883	0.117	0	2
1	1	1	1	1	1	84.55	0.956	0	0.044	0	1
1	1	1	1	1	1	92.01	0.956	0	0.044	0	1
0	0	0	0	0	1	.	0	0.966	0.034	0	2
0	0	1	1	1	1	75.81	0.552	0	0.448	0	1
1	1	1	1	1	0	64.27	0.956	0	0.044	0	1
1	1	1	1	1	1	51.78	0.956	0	0.044	0	1
1	1	0	1	1	0	66.37	0.613	0	0.117	0.27	1
1	0	0	1	1	1	66.65	0.099	0	0.134	0.768	4
1	0	0	1	0	0	53.11	0	0.477	0.523	0	3
1	0	0	0	0	0	49.23	0	0.883	0.117	0	2
1	1	1	1	1	0	72.08	0.956	0	0.044	0	1
1	1	1	.	1	0	61.4	0.935	0	0.065	0	1
1	1	1	0	1	0	64.6	0.648	0	0.352	0	1
1	1	1	1	1	0	76.46	0.956	0	0.044	0	1
0	0	0	0	0	0	50.05	0	0.966	0.034	0	2
1	1	1	1	1	0	62.78	0.956	0	0.044	0	1
1	1	1	1	1	1	56.72	0.956	0	0.044	0	1
0	0	0	1	1	0	.	0.033	0	0.112	0.855	4
1	.	1	1	1	1	.	0.938	0	0.062	0	1
1	1	1	0	0	1	73.48	0	0.006	0.994	0	3
1	1	1	1	1	1	76.08	0.956	0	0.044	0	1
0	0	0	1	1	1	32.74	0.033	0	0.112	0.855	4
1	1	1	0	1	1	61.89	0.648	0	0.352	0	1
0	0	1	0	0	1	52.55	0	0.368	0.632	0	3
1	0	1	0	0	0	61.53	0	0.133	0.867	0	3
1	1	1	1	1	1	37.16	0.956	0	0.044	0	1
0	1	1	1	1	0	72.48	0.898	0	0.102	0	1
1	0	0	0	0	0	.	0	0.883	0.117	0	2
1	0	1	0	0	0	62.65	0	0.133	0.867	0	3
1	1	1	1	1	1	74.77	0.956	0	0.044	0	1
1	1	1	1	1	1	78.46	0.956	0	0.044	0	1
0	1	1	1	1	1	79.91	0.898	0	0.102	0	1
1	1	1	1	1	0	42.84	0.956	0	0.044	0	1
1	1	1	1	1	0	58.61	0.956	0	0.044	0	1
1	1	1	1	1	0	57.96	0.956	0	0.044	0	1
0	1	0	1	1	0	55.42	0.343	0	0.161	0.495	4
1	1	1	1	1	0	68.07	0.956	0	0.044	0	1
1	1	1	1	1	0	68.42	0.956	0	0.044	0	1
1	1	1	0	1	0	77.8	0.648	0	0.352	0	1
0	0	0	1	1	0	.	0.033	0	0.112	0.855	4
1	1	1	1	1	1	.	0.956	0	0.044	0	1
1	1	1	1	1	1	75.57	0.956	0	0.044	0	1
1	1	1	1	1	0	57.08	0.956	0	0.044	0	1
0	1	0	1	0	0	65.76	0	0.123	0.877	0	3
1	0	1	1	0	0	.	0	0.018	0.982	0	3
1	1	1	1	1	0	74.18	0.956	0	0.044	0	1
1	1	1	1	1	0	62.5	0.956	0	0.044	0	1
1	1	1	1	1	1	90.11	0.956	0	0.044	0	1
1	1	1	1	1	0	71.3	0.956	0	0.044	0	1
1	1	1	0	1	1	71.77	0.648	0	0.352	0	1
.	1	1	1	1	0	.	0.944	0	0.056	0	1
1	1	0	1	1	0	54.72	0.613	0	0.117	0.27	1
1	0	1	1	1	0	80.16	0.752	0	0.248	0	1
1	1	1	1	1	1	71.22	0.956	0	0.044	0	1
0	1	1	1	1	0	61.09	0.898	0	0.102	0	1
1	1	1	0	1	1	62.32	0.648	0	0.352	0	1
1	1	1	1	1	1	79.21	0.956	0	0.044	0	1
1	1	1	1	1	1	83.06	0.956	0	0.044	0	1
1	0	0	0	0	1	83.8	0	0.883	0.117	0	2
0	0	0	0	0	1	80.21	0	0.966	0.034	0	2
1	0	1	1	0	0	.	0	0.018	0.982	0	3
1	1	1	1	1	0	.	0.956	0	0.044	0	1
1	1	1	0	1	0	.	0.648	0	0.352	0	1
1	0	1	0	0	0	73.43	0	0.133	0.867	0	3
1	1	1	1	1	0	.	0.956	0	0.044	0	1
1	1	1	1	1	0	80.4	0.956	0	0.044	0	1
1	1	0	1	0	0	74.48	0	0.036	0.964	0	3
1	1	1	1	1	0	70.43	0.956	0	0.044	0	1
1	0	1	1	1	1	.	0.752	0	0.248	0	1
1	1	1	1	1	0	71.36	0.956	0	0.044	0	1
1	1	1	1	1	0	69.05	0.956	0	0.044	0	1
1	0	0	0	0	0	69.06	0	0.883	0.117	0	2
1	1	1	1	1	1	70.39	0.956	0	0.044	0	1
1	1	1	1	1	1	.	0.956	0	0.044	0	1
1	1	1	1	1	1	45.49	0.956	0	0.044	0	1
1	1	1	1	1	1	.	0.956	0	0.044	0	1
1	1	0	1	1	1	.	0.613	0	0.117	0.27	1
1	1	1	0	1	1	.	0.648	0	0.352	0	1
1	1	1	1	1	1	72.76	0.956	0	0.044	0	1
1	1	1	1	1	0	73.29	0.956	0	0.044	0	1
1	1	1	1	1	0	63.72	0.956	0	0.044	0	1
1	1	1	1	1	0	.	0.956	0	0.044	0	1
1	1	1	1	0	0	70.37	0	0.001	0.999	0	3
1	1	1	1	1	0	66.57	0.956	0	0.044	0	1
1	1	1	1	1	1	.	0.956	0	0.044	0	1
1	1	1	1	1	1	62.82	0.956	0	0.044	0	1
1	1	1	1	1	0	.	0.956	0	0.044	0	1
0	1	1	1	0	0	59.17	0	0.003	0.997	0	3
1	1	1	1	1	1	60.91	0.956	0	0.044	0	1
1	1	1	1	0	1	56.61	0	0.001	0.999	0	3
1	1	1	1	1	0	.	0.956	0	0.044	0	1
1	1	1	1	1	0	49.07	0.956	0	0.044	0	1
1	0	1	1	0	0	45.49	0	0.018	0.982	0	3
1	1	1	0	1	0	52.87	0.648	0	0.352	0	1
1	1	0	1	1	0	45.06	0.613	0	0.117	0.27	1
0	0	0	0	0	1	55.25	0	0.966	0.034	0	2
1	1	1	1	1	1	.	0.956	0	0.044	0	1
1	1	1	1	1	1	69.06	0.956	0	0.044	0	1
1	0	0	0	0	1	46.17	0	0.883	0.117	0	2
1	0	0	0	0	1	50.42	0	0.883	0.117	0	2
0	1	1	1	1	0	33.34	0.898	0	0.102	0	1
1	0	1	0	0	0	51.74	0	0.133	0.867	0	3
1	1	1	1	1	0	42.84	0.956	0	0.044	0	1
1	1	1	1	1	1	85.76	0.956	0	0.044	0	1
1	1	1	1	1	1	.	0.956	0	0.044	0	1
0	1	1	1	1	0	72.07	0.898	0	0.102	0	1
1	0	1	0	0	0	71.89	0	0.133	0.867	0	3
0	1	0	1	0	0	79.23	0	0.123	0.877	0	3
0	1	0	1	0	1	.	0	0.123	0.877	0	3
1	1	1	1	1	1	58.43	0.956	0	0.044	0	1
1	1	1	1	1	0	.	0.956	0	0.044	0	1
1	1	1	1	1	0	47.72	0.956	0	0.044	0	1
0	1	1	0	0	0	43.57	0	0.023	0.977	0	3
0	1	1	1	0	0	.	0	0.003	0.997	0	3
1	1	1	0	1	0	48.46	0.648	0	0.352	0	1
1	1	1	0	1	0	43.55	0.648	0	0.352	0	1
1	0	1	1	1	0	76.16	0.752	0	0.248	0	1
0	1	0	1	1	0	62.46	0.343	0	0.161	0.495	4
0	0	0	0	0	1	72.89	0	0.966	0.034	0	2
0	0	0	1	0	0	58.32	0	0.775	0.225	0	2
0	0	1	0	0	1	70.5	0	0.368	0.632	0	3
0	1	0	1	1	1	.	0.343	0	0.161	0.495	4
1	1	0	1	1	1	26.57	0.613	0	0.117	0.27	1
1	0	0	1	0	0	53	0	0.477	0.523	0	3
1	1	1	1	1	1	.	0.956	0	0.044	0	1
1	0	0	0	0	1	41.8	0	0.883	0.117	0	2
0	0	0	1	1	0	.	0.033	0	0.112	0.855	4
1	1	1	1	1	1	.	0.956	0	0.044	0	1
1	1	1	1	1	1	63.26	0.956	0	0.044	0	1
1	1	1	1	1	0	42.19	0.956	0	0.044	0	1
0	0	1	0	0	1	61.38	0	0.368	0.632	0	3
0	.	1	1	1	1	47.37	0.86	0	0.14	0	1
1	1	1	1	1	1	.	0.956	0	0.044	0	1
0	1	1	1	1	1	43.33	0.898	0	0.102	0	1
1	1	0	1	1	0	57.83	0.613	0	0.117	0.27	1
1	1	.	1	1	1	68.85	0.904	0	0.055	0.04	1
1	1	1	1	1	0	47.62	0.956	0	0.044	0	1
0	0	0	0	0	1	29.29	0	0.966	0.034	0	2
1	1	1	1	1	1	60.78	0.956	0	0.044	0	1
1	1	0	1	1	1	57.53	0.613	0	0.117	0.27	1
1	1	1	1	1	1	.	0.956	0	0.044	0	1
1	1	1	1	1	1	36.29	0.956	0	0.044	0	1
1	1	1	1	0	0	43.39	0	0.001	0.999	0	3
0	0	0	1	1	0	62.69	0.033	0	0.112	0.855	4
1	0	0	1	1	1	.	0.099	0	0.134	0.768	4
1	1	1	1	1	0	.	0.956	0	0.044	0	1
1	1	0	1	1	0	55.36	0.613	0	0.117	0.27	1
1	0	1	1	1	1	.	0.752	0	0.248	0	1
1	1	0	1	1	1	.	0.613	0	0.117	0.27	1
1	1	0	0	1	1	.	0.143	0	0.32	0.537	4
0	0	0	0	0	0	38.03	0	0.966	0.034	0	2
1	1	1	1	1	1	60.4	0.956	0	0.044	0	1
1	1	0	1	0	0	60.29	0	0.036	0.964	0	3
1	0	1	1	1	1	.	0.752	0	0.248	0	1
1	1	1	1	1	1	67.96	0.956	0	0.044	0	1
1	0	1	0	0	0	56.63	0	0.133	0.867	0	3
1	1	1	1	1	0	78.14	0.956	0	0.044	0	1
1	1	0	1	1	0	67.1	0.613	0	0.117	0.27	1
1	1	0	1	1	1	.	0.613	0	0.117	0.27	1
1	1	1	1	1	0	57.11	0.956	0	0.044	0	1
1	0	1	1	1	1	76.75	0.752	0	0.248	0	1
1	1	1	1	1	0	48.71	0.956	0	0.044	0	1
1	1	1	1	0	0	64.75	0	0.001	0.999	0	3
1	0	1	1	1	1	43.21	0.752	0	0.248	0	1
0	1	0	1	1	0	59.61	0.343	0	0.161	0.495	4
1	1	1	0	0	1	.	0	0.006	0.994	0	3
1	.	0	0	1	0	66.89	0.081	0	0.259	0.66	4
1	1	1	1	1	0	.	0.956	0	0.044	0	1
0	0	0	0	0	1	42.11	0	0.966	0.034	0	2
1	0	0	1	1	0	.	0.099	0	0.134	0.768	4
1	1	1	1	1	1	63.62	0.956	0	0.044	0	1
1	1	1	1	1	0	63.08	0.956	0	0.044	0	1
1	1	0	1	1	0	56.62	0.613	0	0.117	0.27	1
1	0	0	0	0	1	30.79	0	0.883	0.117	0	2
0	0	0	1	0	0	56.44	0	0.775	0.225	0	2
1	1	1	1	1	0	.	0.956	0	0.044	0	1
1	1	1	1	1	1	.	0.956	0	0.044	0	1
1	1	1	1	1	0	34.01	0.956	0	0.044	0	1
1	1	1	1	1	1	44.85	0.956	0	0.044	0	1
1	.	1	0	.	1	.	0.303	0.025	0.672	0	3
1	1	1	1	1	0	44.98	0.956	0	0.044	0	1
1	1	1	1	1	0	58.78	0.956	0	0.044	0	1
1	1	1	1	1	1	.	0.956	0	0.044	0	1
0	1	1	1	1	0	61.74	0.898	0	0.102	0	1
1	0	0	1	1	0	58.1	0.099	0	0.134	0.768	4
0	0	0	0	1	1	.	0.004	0	0.152	0.844	4
1	0	1	1	0	0	77.92	0	0.018	0.982	0	3
1	0	0	1	1	1	69.3	0.099	0	0.134	0.768	4
0	0	0	1	1	0	45.83	0.033	0	0.112	0.855	4
1	1	1	1	1	1	.	0.956	0	0.044	0	1
1	1	1	1	1	1	72.66	0.956	0	0.044	0	1
0	1	1	1	1	0	51.59	0.898	0	0.102	0	1
1	1	1	1	1	1	45.53	0.956	0	0.044	0	1
1	1	1	1	1	1	.	0.956	0	0.044	0	1
0	0	0	0	0	0	34.45	0	0.966	0.034	0	2
1	1	0	1	1	1	.	0.613	0	0.117	0.27	1
1	1	1	1	1	1	.	0.956	0	0.044	0	1
0	0	1	0	1	0	60.52	0.095	0	0.905	0	3
1	1	0	0	0	0	.	0	0.235	0.765	0	3
1	1	1	1	1	0	71.47	0.956	0	0.044	0	1
1	1	1	1	1	0	61.03	0.956	0	0.044	0	1
1	1	1	0	1	0	53.5	0.648	0	0.352	0	1
1	1	0	1	1	0	61.07	0.613	0	0.117	0.27	1
1	1	1	1	1	1	.	0.956	0	0.044	0	1
1	1	1	1	1	0	51.92	0.956	0	0.044	0	1
1	0	1	1	1	0	55.04	0.752	0	0.248	0	1
0	1	1	1	1	0	46.26	0.898	0	0.102	0	1
1	1	1	1	1	0	60.4	0.956	0	0.044	0	1
1	0	0	0	0	0	.	0	0.883	0.117	0	2
1	1	1	1	1	0	.	0.956	0	0.044	0	1
0	0	0	1	1	1	.	0.033	0	0.112	0.855	4
1	0	1	1	0	0	.	0	0.018	0.982	0	3
1	1	1	1	1	1	74.1	0.956	0	0.044	0	1
0	0	0	0	0	0	54.33	0	0.966	0.034	0	2
1	1	1	1	1	1	.	0.956	0	0.044	0	1
1	1	1	1	1	1	60.03	0.956	0	0.044	0	1
1	1	1	1	1	1	71.1	0.956	0	0.044	0	1
0	1	1	0	1	0	40.65	0.428	0	0.572	0	3
0	0	0	0	0	0	57.51	0	0.966	0.034	0	2
0	1	1	1	1	1	45.99	0.898	0	0.102	0	1
1	1	1	1	1	1	77.22	0.956	0	0.044	0	1
0	1	1	1	1	0	.	0.898	0	0.102	0	1
0	1	1	1	1	1	.	0.898	0	0.102	0	1
0	1	1	0	1	1	58.96	0.428	0	0.572	0	3
0	1	1	1	1	1	81	0.898	0	0.102	0	1
1	1	1	1	1	1	85.66	0.956	0	0.044	0	1
0	0	0	0	1	0	.	0.004	0	0.152	0.844	4
1	1	1	1	1	1	.	0.956	0	0.044	0	1
1	0	1	0	1	0	57.64	0.206	0	0.794	0	3
1	1	1	1	1	1	.	0.956	0	0.044	0	1
1	1	1	1	1	1	.	0.956	0	0.044	0	1
1	1	1	1	1	0	65.21	0.956	0	0.044	0	1
0	1	0	1	0	1	.	0	0.123	0.877	0	3
1	1	1	1	1	0	48.44	0.956	0	0.044	0	1
1	1	1	1	1	1	67.29	0.956	0	0.044	0	1
1	1	1	1	1	0	.	0.956	0	0.044	0	1
1	1	1	1	1	0	.	0.956	0	0.044	0	1
1	1	.	1	1	1	.	0.904	0	0.055	0.04	1
1	1	1	1	1	1	77.96	0.956	0	0.044	0	1
1	1	1	1	1	1	.	0.956	0	0.044	0	1
0	1	1	.	1	0	65.84	0.854	0	0.146	0	1
0	1	1	1	1	0	59.35	0.898	0	0.102	0	1
0	1	1	1	1	0	60.95	0.898	0	0.102	0	1
1	1	1	1	1	1	69.24	0.956	0	0.044	0	1
0	0	0	0	0	0	75.68	0	0.966	0.034	0	2
1	1	1	1	1	0	.	0.956	0	0.044	0	1
1	0	0	0	0	0	44.19	0	0.883	0.117	0	2
0	0	1	1	0	1	57.02	0	0.066	0.934	0	3
1	1	1	1	1	0	70.2	0.956	0	0.044	0	1
0	0	0	0	0	1	.	0	0.966	0.034	0	2
1	1	1	1	1	1	48.68	0.956	0	0.044	0	1
0	1	1	0	0	1	56.37	0	0.023	0.977	0	3
1	0	0	0	0	0	55.96	0	0.883	0.117	0	2
1	0	0	0	0	0	69.7	0	0.883	0.117	0	2
0	0	0	1	0	0	61.9	0	0.775	0.225	0	2
0	0	0	1	1	0	44.94	0.033	0	0.112	0.855	4
1	1	0	1	0	1	56.11	0	0.036	0.964	0	3
0	0	0	.	1	0	47.86	0.025	0	0.124	0.852	4
0	1	1	1	1	1	.	0.898	0	0.102	0	1
1	0	0	1	1	1	34.7	0.099	0	0.134	0.768	4
1	1	0	1	0	1	52.53	0	0.036	0.964	0	3
1	0	0	1	0	1	67.38	0	0.477	0.523	0	3
1	0	0	1	1	0	48.04	0.099	0	0.134	0.768	4
1	0	0	1	0	0	.	0	0.477	0.523	0	3
0	0	0	1	1	1	34.73	0.033	0	0.112	0.855	4
0	0	.	1	1	0	55.74	0.215	0	0.229	0.556	4
1	1	1	1	1	0	.	0.956	0	0.044	0	1
0	0	0	0	0	1	.	0	0.966	0.034	0	2
1	1	1	1	1	1	43.26	0.956	0	0.044	0	1
0	0	0	0	0	1	34.68	0	0.966	0.034	0	2
1	1	1	1	1	0	58.06	0.956	0	0.044	0	1
1	0	0	1	1	1	.	0.099	0	0.134	0.768	4
0	0	0	1	1	1	43.07	0.033	0	0.112	0.855	4
1	1	1	1	1	1	63.32	0.956	0	0.044	0	1
1	0	1	1	1	1	46.31	0.752	0	0.248	0	1
1	0	1	1	1	0	.	0.752	0	0.248	0	1
1	1	1	1	1	0	51.93	0.956	0	0.044	0	1
1	0	0	1	0	0	41.86	0	0.477	0.523	0	3
1	1	1	1	0	1	.	0	0.001	0.999	0	3
1	1	0	1	.	0	48.57	0.5	0.007	0.273	0.22	1
1	1	1	1	1	1	52.96	0.956	0	0.044	0	1
0	0	0	1	1	0	46.72	0.033	0	0.112	0.855	4
0	1	1	1	1	0	58.43	0.898	0	0.102	0	1
1	0	0	1	0	0	59.97	0	0.477	0.523	0	3
1	0	1	1	1	0	.	0.752	0	0.248	0	1
1	1	0	1	1	1	64.56	0.613	0	0.117	0.27	1
1	1	1	1	1	0	60.6	0.956	0	0.044	0	1
1	1	1	1	1	1	80.67	0.956	0	0.044	0	1
0	1	0	1	0	1	54.46	0	0.123	0.877	0	3
1	1	1	1	1	0	65.73	0.956	0	0.044	0	1
1	0	1	1	1	1	64.22	0.752	0	0.248	0	1
1	1	1	1	1	1	.	0.956	0	0.044	0	1
0	0	0	0	0	1	41.12	0	0.966	0.034	0	2
1	1	0	1	1	1	.	0.613	0	0.117	0.27	1
1	1	1	1	1	0	.	0.956	0	0.044	0	1
1	1	0	1	0	1	54.69	0	0.036	0.964	0	3
0	0	0	0	1	0	.	0.004	0	0.152	0.844	4
1	1	1	1	1	1	.	0.956	0	0.044	0	1
1	0	0	1	1	0	.	0.099	0	0.134	0.768	4
1	1	1	1	1	0	.	0.956	0	0.044	0	1
0	0	0	1	1	0	41.4	0.033	0	0.112	0.855	4
1	1	1	1	1	1	46.62	0.956	0	0.044	0	1
0	0	1	1	0	1	.	0	0.066	0.934	0	3
1	1	1	1	1	1	39.55	0.956	0	0.044	0	1
0	0	0	0	1	0	57.28	0.004	0	0.152	0.844	4
1	1	0	0	0	1	41.69	0	0.235	0.765	0	3
1	0	0	1	0	1	40.89	0	0.477	0.523	0	3
0	0	0	1	1	0	46.04	0.033	0	0.112	0.855	4
0	1	1	1	1	1	39.16	0.898	0	0.102	0	1
1	1	1	1	1	1	41.17	0.956	0	0.044	0	1
1	0	1	1	0	1	65.16	0	0.018	0.982	0	3
1	1	1	1	1	1	71.14	0.956	0	0.044	0	1
1	1	1	1	1	1	.	0.956	0	0.044	0	1
0	1	1	1	1	0	.	0.898	0	0.102	0	1
1	1	1	1	1	0	.	0.956	0	0.044	0	1
0	0	0	1	0	1	50.2	0	0.775	0.225	0	2
0	1	1	0	0	1	50.48	0	0.023	0.977	0	3
0	1	0	1	1	0	.	0.343	0	0.161	0.495	4
1	1	1	1	1	0	44.47	0.956	0	0.044	0	1
0	0	1	0	0	0	40.48	0	0.368	0.632	0	3
0	0	0	1	0	0	34.59	0	0.775	0.225	0	2
1	1	1	1	1	1	74.25	0.956	0	0.044	0	1
1	1	1	1	1	0	51.48	0.956	0	0.044	0	1
1	1	1	1	1	1	77.17	0.956	0	0.044	0	1
0	1	1	1	0	0	.	0	0.003	0.997	0	3
0	1	0	0	1	0	.	0.053	0	0.292	0.654	4
1	1	0	0	0	1	.	0	0.235	0.765	0	3
1	1	1	1	1	1	.	0.956	0	0.044	0	1
1	0	0	1	1	1	.	0.099	0	0.134	0.768	4
1	0	0	0	0	0	.	0	0.883	0.117	0	2
0	0	1	.	0	1	30.26	0	0.205	0.795	0	3
0	0	0	.	0	1	.	0	0.926	0.074	0	2
1	1	1	1	1	1	67.22	0.956	0	0.044	0	1
1	1	1	1	1	1	.	0.956	0	0.044	0	1
1	0	1	1	1	1	.	0.752	0	0.248	0	1
1	1	0	1	1	0	49.45	0.613	0	0.117	0.27	1
0	0	1	1	0	1	.	0	0.066	0.934	0	3
1	0	0	1	1	0	57.37	0.099	0	0.134	0.768	4
1	1	0	1	1	1	71.57	0.613	0	0.117	0.27	1
1	1	1	1	1	1	.	0.956	0	0.044	0	1
1	1	1	1	1	0	.	0.956	0	0.044	0	1
1	1	1	1	1	1	36.27	0.956	0	0.044	0	1
1	1	1	1	1	0	64.73	0.956	0	0.044	0	1
0	0	0	0	0	1	64.87	0	0.966	0.034	0	2
1	0	0	1	0	1	78.65	0	0.477	0.523	0	3
0	1	1	1	1	1	.	0.898	0	0.102	0	1
1	1	1	1	1	1	.	0.956	0	0.044	0	1
1	0	0	1	1	0	.	0.099	0	0.134	0.768	4
1	0	0	0	0	0	.	0	0.883	0.117	0	2
1	0	1	1	1	1	43.9	0.752	0	0.248	0	1
1	1	0	1	0	0	.	0	0.036	0.964	0	3
1	1	1	1	1	1	70.16	0.956	0	0.044	0	1
1	1	1	1	1	0	76.69	0.956	0	0.044	0	1
1	1	1	1	1	0	73.17	0.956	0	0.044	0	1
1	0	1	1	1	0	71.16	0.752	0	0.248	0	1
0	1	1	0	1	0	68.82	0.428	0	0.572	0	3
1	1	0	1	0	0	72.65	0	0.036	0.964	0	3
1	1	1	1	1	0	.	0.956	0	0.044	0	1
0	0	0	1	1	1	.	0.033	0	0.112	0.855	4
1	1	1	1	1	1	.	0.956	0	0.044	0	1
1	1	1	1	1	1	.	0.956	0	0.044	0	1
1	1	1	1	1	0	74.09	0.956	0	0.044	0	1
1	1	1	1	1	0	.	0.956	0	0.044	0	1
1	1	1	1	1	0	75.75	0.956	0	0.044	0	1
0	1	1	1	0	0	63.94	0	0.003	0.997	0	3
1	0	0	0	0	1	.	0	0.883	0.117	0	2
1	0	0	1	1	0	67.8	0.099	0	0.134	0.768	4
1	1	1	1	1	0	64.04	0.956	0	0.044	0	1
1	1	1	1	1	1	.	0.956	0	0.044	0	1
1	1	1	1	1	0	77.64	0.956	0	0.044	0	1
1	1	1	1	1	0	59.34	0.956	0	0.044	0	1
1	1	1	1	1	0	55.4	0.956	0	0.044	0	1
1	1	1	1	1	1	93.2	0.956	0	0.044	0	1
0	0	0	0	0	0	66.75	0	0.966	0.034	0	2
0	1	1	0	0	0	62.51	0	0.023	0.977	0	3
1	1	1	1	1	0	68.66	0.956	0	0.044	0	1
1	1	0	1	1	1	.	0.613	0	0.117	0.27	1
1	1	1	1	1	1	.	0.956	0	0.044	0	1
1	1	1	.	0	1	71.54	0	0.003	0.997	0	3
1	1	1	1	1	0	68.39	0.956	0	0.044	0	1
0	0	0	0	0	0	57.86	0	0.966	0.034	0	2
0	1	1	1	1	0	.	0.898	0	0.102	0	1
0	0	1	0	0	1	.	0	0.368	0.632	0	3
0	.	.	.	.	0	74.4	0.303	0.286	0.28	0.13	1
1	.	1	1	1	0	67.14	0.938	0	0.062	0	1
1	1	1	0	1	0	80.46	0.648	0	0.352	0	1
1	1	1	1	1	0	68.09	0.956	0	0.044	0	1
1	1	0	0	0	0	.	0	0.235	0.765	0	3
1	1	1	1	1	1	66	0.956	0	0.044	0	1
1	1	1	1	1	1	.	0.956	0	0.044	0	1
1	0	0	1	0	0	66.35	0	0.477	0.523	0	3
0	0	0	0	0	1	.	0	0.966	0.034	0	2
1	1	1	1	1	1	.	0.956	0	0.044	0	1
1	1	0	1	1	0	.	0.613	0	0.117	0.27	1
0	1	1	0	0	0	70.68	0	0.023	0.977	0	3
1	1	1	1	1	0	74.73	0.956	0	0.044	0	1
0	1	1	0	0	0	.	0	0.023	0.977	0	3
0	0	0	0	0	0	.	0	0.966	0.034	0	2
1	1	1	0	0	1	38.04	0	0.006	0.994	0	3
0	0	0	0	0	1	71.59	0	0.966	0.034	0	2
0	0	1	1	.	0	.	0.291	0.031	0.678	0	3
0	0	0	0	0	0	76.52	0	0.966	0.034	0	2
1	1	1	1	1	1	.	0.956	0	0.044	0	1
0	0	0	.	.	0	.	0.006	0.702	0.086	0.206	2
0	0	0	0	0	0	54.87	0	0.966	0.034	0	2
0	0	0	0	0	1	.	0	0.966	0.034	0	2
1	1	0	1	0	1	.	0	0.036	0.964	0	3
0	0	0	1	0	0	.	0	0.775	0.225	0	2
0	0	1	0	1	1	.	0.095	0	0.905	0	3
0	0	0	0	0	0	.	0	0.966	0.034	0	2
0	1	1	1	1	0	.	0.898	0	0.102	0	1
1	0	1	1	0	0	.	0	0.018	0.982	0	3
0	0	0	1	0	0	62.9	0	0.775	0.225	0	2
0	1	1	1	0	0	63.82	0	0.003	0.997	0	3
1	0	0	0	.	0	62.38	0.003	0.664	0.136	0.198	2
0	0	0	0	0	0	69.39	0	0.966	0.034	0	2
0	0	0	0	0	0	66.51	0	0.966	0.034	0	2
1	0	0	1	1	0	.	0.099	0	0.134	0.768	4
1	0	1	1	0	0	.	0	0.018	0.982	0	3
0	1	0	1	1	0	.	0.343	0	0.161	0.495	4
0	0	0	0	0	0	.	0	0.966	0.034	0	2
1	.	1	.	.	1	.	0.775	0.004	0.221	0	1
0	0	0	0	0	0	.	0	0.966	0.034	0	2
0	0	0	0	0	0	73	0	0.966	0.034	0	2
1	1	0	1	1	0	.	0.613	0	0.117	0.27	1
1	0	1	1	0	0	.	0	0.018	0.982	0	3
0	1	1	1	0	1	45.17	0	0.003	0.997	0	3
1	0	0	0	0	1	.	0	0.883	0.117	0	2
1	1	1	.	0	1	52.87	0	0.003	0.997	0	3
1	1	1	1	1	0	.	0.956	0	0.044	0	1
1	1	1	1	1	1	.	0.956	0	0.044	0	1
0	1	0	1	1	0	.	0.343	0	0.161	0.495	4
1	1	0	1	1	1	.	0.613	0	0.117	0.27	1
0	0	0	0	0	0	39.03	0	0.966	0.034	0	2
1	1	1	1	1	0	71.98	0.956	0	0.044	0	1
1	0	0	1	1	0	63	0.099	0	0.134	0.768	4
1	.	0	0	1	1	.	0.081	0	0.259	0.66	4
0	0	0	0	0	1	.	0	0.966	0.034	0	2
0	0	1	0	0	1	52.26	0	0.368	0.632	0	3
1	0	0	0	0	1	.	0	0.883	0.117	0	2
1	1	1	0	0	1	81.34	0	0.006	0.994	0	3
1	1	0	1	1	1	54.33	0.613	0	0.117	0.27	1
1	1	1	1	1	1	66.73	0.956	0	0.044	0	1
1	0	1	1	0	0	52.87	0	0.018	0.982	0	3
0	1	1	1	1	1	88.14	0.898	0	0.102	0	1
1	1	1	1	1	0	74.24	0.956	0	0.044	0	1
0	0	0	0	0	0	62.97	0	0.966	0.034	0	2
1	0	0	0	0	0	55.39	0	0.883	0.117	0	2
0	0	0	0	0	1	61.42	0	0.966	0.034	0	2
1	0	1	1	1	0	72.55	0.752	0	0.248	0	1
1	0	1	1	1	1	59.36	0.752	0	0.248	0	1
1	1	1	1	1	1	46.36	0.956	0	0.044	0	1
1	0	0	1	0	0	71.76	0	0.477	0.523	0	3
0	1	0	1	0	0	45.33	0	0.123	0.877	0	3
1	1	1	1	1	1	71.64	0.956	0	0.044	0	1
0	1	1	1	0	0	71.37	0	0.003	0.997	0	3
0	0	0	0	0	0	68.05	0	0.966	0.034	0	2
1	0	0	1	0	1	.	0	0.477	0.523	0	3
1	0	1	1	1	1	.	0.752	0	0.248	0	1
1	1	0	1	1	0	62.35	0.613	0	0.117	0.27	1
1	0	0	1	1	1	.	0.099	0	0.134	0.768	4
1	1	1	1	0	1	.	0	0.001	0.999	0	3
0	1	1	1	1	1	62.19	0.898	0	0.102	0	1
1	1	1	1	1	0	62.35	0.956	0	0.044	0	1
0	1	1	1	1	0	54.79	0.898	0	0.102	0	1
1	0	0	1	1	0	59.93	0.099	0	0.134	0.768	4
0	1	1	0	1	1	59.18	0.428	0	0.572	0	3
0	0	0	1	1	1	53.56	0.033	0	0.112	0.855	4
1	1	1	1	1	0	83.33	0.956	0	0.044	0	1
1	1	.	1	1	1	76.45	0.904	0	0.055	0.04	1
0	0	1	1	0	0	.	0	0.066	0.934	0	3
1	1	1	1	1	0	66.93	0.956	0	0.044	0	1
1	0	1	1	1	0	69.14	0.752	0	0.248	0	1
0	0	0	0	0	0	54.37	0	0.966	0.034	0	2
1	0	0	0	0	0	78.16	0	0.883	0.117	0	2
0	0	0	0	0	1	.	0	0.966	0.034	0	2
1	1	1	1	0	0	69	0	0.001	0.999	0	3
0	0	1	0	0	0	73.79	0	0.368	0.632	0	3
1	0	0	0	0	0	74.51	0	0.883	0.117	0	2
0	1	1	1	1	1	61.65	0.898	0	0.102	0	1
1	1	1	1	1	1	83.22	0.956	0	0.044	0	1
0	0	0	0	0	1	41.03	0	0.966	0.034	0	2
1	0	0	1	1	1	73.55	0.099	0	0.134	0.768	4
1	1	1	1	0	0	72.22	0	0.001	0.999	0	3
1	1	1	1	1	1	69.53	0.956	0	0.044	0	1
1	1	0	1	1	1	82.5	0.613	0	0.117	0.27	1
1	1	0	1	1	0	.	0.613	0	0.117	0.27	1
1	0	1	0	0	1	52.43	0	0.133	0.867	0	3
0	0	0	1	0	0	55.7	0	0.775	0.225	0	2
0	0	0	0	0	0	73.89	0	0.966	0.034	0	2
1	1	1	1	1	1	91.47	0.956	0	0.044	0	1
1	0	0	0	0	0	71.16	0	0.883	0.117	0	2
1	1	1	1	1	0	70.21	0.956	0	0.044	0	1
0	0	0	0	0	1	66.21	0	0.966	0.034	0	2
0	1	1	1	.	1	55.8	0.753	0	0.246	0	1
1	1	1	1	1	1	66.07	0.956	0	0.044	0	1
1	1	1	1	1	0	.	0.956	0	0.044	0	1
1	1	0	1	0	1	.	0	0.036	0.964	0	3
0	1	1	1	0	0	.	0	0.003	0.997	0	3
1	1	1	1	1	0	.	0.956	0	0.044	0	1
1	1	1	1	1	1	86.29	0.956	0	0.044	0	1
1	0	1	1	1	0	.	0.752	0	0.248	0	1
0	0	.	0	0	0	.	0	0.904	0.096	0	2
1	1	1	1	1	0	.	0.956	0	0.044	0	1
1	1	1	1	1	1	52.61	0.956	0	0.044	0	1
1	1	0	1	1	0	.	0.613	0	0.117	0.27	1
0	1	0	1	0	1	.	0	0.123	0.877	0	3
1	1	1	1	1	0	.	0.956	0	0.044	0	1
1	1	1	1	1	0	.	0.956	0	0.044	0	1
1	1	1	1	1	1	.	0.956	0	0.044	0	1
1	1	0	.	0	1	.	0	0.119	0.881	0	3
0	1	1	1	0	0	56.74	0	0.003	0.997	0	3
1	1	1	1	1	0	.	0.956	0	0.044	0	1
1	1	1	1	1	0	.	0.956	0	0.044	0	1
0	1	1	0	0	1	.	0	0.023	0.977	0	3
1	0	0	0	0	0	.	0	0.883	0.117	0	2
1	0	0	0	0	0	.	0	0.883	0.117	0	2
1	1	1	1	1	0	51.57	0.956	0	0.044	0	1
1	1	1	1	1	1	48.98	0.956	0	0.044	0	1
1	1	1	1	1	0	.	0.956	0	0.044	0	1
0	1	1	1	1	1	.	0.898	0	0.102	0	1
1	1	0	0	1	0	.	0.143	0	0.32	0.537	4
1	1	1	1	0	0	56	0	0.001	0.999	0	3
1	1	1	1	1	0	.	0.956	0	0.044	0	1
1	1	.	.	0	1	.	0	0.043	0.957	0	3
0	0	0	0	0	1	80.44	0	0.966	0.034	0	2
0	1	1	1	0	0	66.46	0	0.003	0.997	0	3
1	1	1	1	1	0	.	0.956	0	0.044	0	1
1	0	0	0	0	1	.	0	0.883	0.117	0	2
1	1	1	0	1	1	.	0.648	0	0.352	0	1
1	1	1	1	0	0	65.02	0	0.001	0.999	0	3
1	0	1	1	1	1	.	0.752	0	0.248	0	1
1	0	1	1	1	1	.	0.752	0	0.248	0	1
1	1	0	1	1	1	.	0.613	0	0.117	0.27	1
1	1	1	0	0	1	65.6	0	0.006	0.994	0	3
1	0	0	1	1	1	.	0.099	0	0.134	0.768	4
0	1	1	0	1	1	.	0.428	0	0.572	0	3
1	0	1	0	0	1	68.34	0	0.133	0.867	0	3
1	0	1	1	0	0	.	0	0.018	0.982	0	3
1	0	0	1	1	1	.	0.099	0	0.134	0.768	4
1	1	1	1	1	0	63.61	0.956	0	0.044	0	1
1	1	1	.	0	1	.	0	0.003	0.997	0	3
1	1	1	1	1	1	.	0.956	0	0.044	0	1
1	1	1	1	1	0	55.36	0.956	0	0.044	0	1
1	0	1	1	0	0	.	0	0.018	0.982	0	3
1	1	.	1	1	0	65.59	0.904	0	0.055	0.04	1
0	1	1	1	1	1	.	0.898	0	0.102	0	1
1	1	0	0	0	0	.	0	0.235	0.765	0	3
0	0	0	0	0	0	.	0	0.966	0.034	0	2
1	0	0	0	0	1	53.43	0	0.883	0.117	0	2
1	1	1	1	1	1	.	0.956	0	0.044	0	1
0	1	1	1	1	1	.	0.898	0	0.102	0	1
1	1	1	1	1	1	68.4	0.956	0	0.044	0	1
1	1	1	1	1	1	.	0.956	0	0.044	0	1
0	0	0	1	0	0	.	0	0.775	0.225	0	2
0	1	1	1	1	0	57.69	0.898	0	0.102	0	1
1	0	0	1	0	1	.	0	0.477	0.523	0	3
1	0	1	0	1	0	.	0.206	0	0.794	0	3
1	1	1	1	0	0	.	0	0.001	0.999	0	3
1	1	1	1	1	1	.	0.956	0	0.044	0	1
1	0	1	0	0	0	56.12	0	0.133	0.867	0	3
1	1	0	1	1	0	.	0.613	0	0.117	0.27	1
0	.	0	0	0	1	.	0	0.915	0.085	0	2
1	1	0	0	1	1	.	0.143	0	0.32	0.537	4
1	1	0	1	1	1	67.2	0.613	0	0.117	0.27	1
0	0	0	.	0	1	77.88	0	0.926	0.074	0	2
1	1	1	1	1	1	86.1	0.956	0	0.044	0	1
1	1	1	1	1	1	61.45	0.956	0	0.044	0	1
1	1	1	1	1	1	57.57	0.956	0	0.044	0	1
1	1	1	1	1	1	61.97	0.956	0	0.044	0	1
0	1	1	1	1	1	.	0.898	0	0.102	0	1
1	1	1	1	1	1	60.63	0.956	0	0.044	0	1
1	0	0	1	0	0	60.51	0	0.477	0.523	0	3
0	0	0	0	0	0	62.08	0	0.966	0.034	0	2
1	0	0	1	0	0	70.17	0	0.477	0.523	0	3
0	1	1	0	0	0	66.72	0	0.023	0.977	0	3
1	1	1	0	0	1	52.64	0	0.006	0.994	0	3
1	1	1	1	1	1	74.18	0.956	0	0.044	0	1
1	1	0	1	1	0	51.02	0.613	0	0.117	0.27	1
1	1	0	0	1	0	.	0.143	0	0.32	0.537	4
1	0	1	1	0	1	56.5	0	0.018	0.982	0	3
1	0	0	1	0	1	72.54	0	0.477	0.523	0	3
1	1	1	0	1	0	65.11	0.648	0	0.352	0	1
0	1	0	1	1	0	68.98	0.343	0	0.161	0.495	4
1	1	1	1	1	0	.	0.956	0	0.044	0	1
0	1	1	1	0	1	59.49	0	0.003	0.997	0	3
0	0	0	1	1	1	.	0.033	0	0.112	0.855	4
1	1	.	1	0	1	.	0	0.012	0.988	0	3
0	0	0	0	0	0	65.96	0	0.966	0.034	0	2
1	1	1	0	1	0	66.92	0.648	0	0.352	0	1
1	1	1	1	1	1	74.59	0.956	0	0.044	0	1
0	1	1	1	1	1	.	0.898	0	0.102	0	1
1	1	1	1	1	1	66.61	0.956	0	0.044	0	1
1	1	1	1	1	1	80.19	0.956	0	0.044	0	1
1	1	1	1	1	1	68.9	0.956	0	0.044	0	1
1	1	1	1	1	0	53.06	0.956	0	0.044	0	1
1	1	1	1	1	1	67.43	0.956	0	0.044	0	1
0	0	0	0	0	1	59.59	0	0.966	0.034	0	2
0	0	0	0	0	0	57.11	0	0.966	0.034	0	2
1	1	0	0	1	1	34.42	0.143	0	0.32	0.537	4
1	1	0	0	1	1	51.24	0.143	0	0.32	0.537	4
1	1	1	1	1	1	59.09	0.956	0	0.044	0	1
0	1	1	1	1	1	83.2	0.898	0	0.102	0	1
1	1	1	0	0	0	68.5	0	0.006	0.994	0	3
1	1	1	.	1	1	52.77	0.935	0	0.065	0	1
0	1	1	1	0	1	66.69	0	0.003	0.997	0	3
0	1	0	0	0	0	75.96	0	0.538	0.462	0	2
1	1	0	1	1	0	57.39	0.613	0	0.117	0.27	1
1	1	1	0	1	0	59.95	0.648	0	0.352	0	1
1	1	1	1	1	1	52.24	0.956	0	0.044	0	1
1	1	1	1	1	0	45.7	0.956	0	0.044	0	1
1	0	1	0	1	1	67.13	0.206	0	0.794	0	3
1	1	1	1	1	0	.	0.956	0	0.044	0	1
0	1	1	1	1	0	44.41	0.898	0	0.102	0	1
0	1	1	1	1	1	57.04	0.898	0	0.102	0	1
1	0	0	0	0	1	46.26	0	0.883	0.117	0	2
1	0	0	1	1	0	51.08	0.099	0	0.134	0.768	4
0	1	1	1	1	0	45.36	0.898	0	0.102	0	1
1	1	0	0	1	0	69.27	0.143	0	0.32	0.537	4
0	1	1	1	1	0	65.26	0.898	0	0.102	0	1
1	1	0	.	1	1	66.37	0.531	0	0.152	0.316	1
1	1	1	1	1	0	44.97	0.956	0	0.044	0	1
1	1	1	1	1	0	84.03	0.956	0	0.044	0	1
1	1	0	0	0	0	52.95	0	0.235	0.765	0	3
0	0	0	1	1	0	55.52	0.033	0	0.112	0.855	4
1	1	1	1	0	0	50.83	0	0.001	0.999	0	3
0	0	0	0	0	0	.	0	0.966	0.034	0	2
0	1	0	1	1	1	53.69	0.343	0	0.161	0.495	4
0	0	0	1	1	0	62.57	0.033	0	0.112	0.855	4
1	0	0	1	1	1	45.03	0.099	0	0.134	0.768	4
1	1	1	1	1	1	61.56	0.956	0	0.044	0	1
0	1	0	1	1	0	48.5	0.343	0	0.161	0.495	4
0	0	0	0	0	1	.	0	0.966	0.034	0	2
1	1	1	1	1	1	60.77	0.956	0	0.044	0	1
1	1	1	1	1	0	74.18	0.956	0	0.044	0	1
0	0	0	0	0	1	29.26	0	0.966	0.034	0	2
1	1	1	1	1	0	47.75	0.956	0	0.044	0	1
1	0	1	1	1	0	72.49	0.752	0	0.248	0	1
0	1	1	1	1	0	58.48	0.898	0	0.102	0	1
1	1	0	0	1	0	45.92	0.143	0	0.32	0.537	4
1	1	1	1	1	1	46.38	0.956	0	0.044	0	1
0	1	1	1	1	1	66.7	0.898	0	0.102	0	1
0	0	0	0	0	1	43.46	0	0.966	0.034	0	2
0	1	1	1	1	1	.	0.898	0	0.102	0	1
1	1	1	1	1	0	59.09	0.956	0	0.044	0	1
0	1	1	1	1	0	58.69	0.898	0	0.102	0	1
1	1	1	1	1	0	73	0.956	0	0.044	0	1
0	1	1	1	1	0	40	0.898	0	0.102	0	1
1	1	1	1	1	0	70.16	0.956	0	0.044	0	1
0	1	0	1	1	0	.	0.343	0	0.161	0.495	4
0	0	0	0	1	1	.	0.004	0	0.152	0.844	4
1	1	0	1	0	0	73.35	0	0.036	0.964	0	3
0	1	0	1	1	1	68.24	0.343	0	0.161	0.495	4
1	0	0	1	1	0	79.71	0.099	0	0.134	0.768	4
1	1	0	0	1	0	.	0.143	0	0.32	0.537	4
0	1	1	1	1	0	74.06	0.898	0	0.102	0	1
0	1	1	1	1	0	69.81	0.898	0	0.102	0	1
1	1	1	1	1	0	56.46	0.956	0	0.044	0	1
0	0	0	0	0	1	39.77	0	0.966	0.034	0	2
1	1	0	0	0	0	57.96	0	0.235	0.765	0	3
0	1	1	1	1	1	67.39	0.898	0	0.102	0	1
1	1	0	0	1	0	43.53	0.143	0	0.32	0.537	4
1	1	0	1	1	0	.	0.613	0	0.117	0.27	1
1	1	1	1	1	1	.	0.956	0	0.044	0	1
1	1	1	1	1	1	.	0.956	0	0.044	0	1
1	0	0	1	0	1	34	0	0.477	0.523	0	3
0	0	0	1	1	0	.	0.033	0	0.112	0.855	4
1	1	1	1	1	0	.	0.956	0	0.044	0	1
1	0	0	0	0	0	48.45	0	0.883	0.117	0	2
1	1	1	0	1	1	55.18	0.648	0	0.352	0	1
1	1	0	1	1	1	.	0.613	0	0.117	0.27	1
1	1	1	1	1	1	53.63	0.956	0	0.044	0	1
0	0	0	1	0	1	32.12	0	0.775	0.225	0	2
1	1	0	1	1	0	.	0.613	0	0.117	0.27	1
0	0	0	0	0	1	33.85	0	0.966	0.034	0	2
0	1	1	0	1	1	38.46	0.428	0	0.572	0	3
1	1	1	1	0	1	34.59	0	0.001	0.999	0	3
1	1	1	1	1	1	.	0.956	0	0.044	0	1
1	1	0	1	1	0	.	0.613	0	0.117	0.27	1
0	1	.	.	.	0	46.87	0.522	0.037	0.337	0.103	1
1	0	0	0	1	1	.	0.012	0	0.191	0.797	4
0	1	0	1	1	0	.	0.343	0	0.161	0.495	4
0	0	0	0	0	1	29.91	0	0.966	0.034	0	2
0	0	1	0	0	1	44.12	0	0.368	0.632	0	3
0	0	0	0	0	1	.	0	0.966	0.034	0	2
0	0	0	0	1	1	47.62	0.004	0	0.152	0.844	4
0	1	1	1	1	1	.	0.898	0	0.102	0	1
0	1	0	1	0	1	.	0	0.123	0.877	0	3
1	1	0	1	1	1	42.19	0.613	0	0.117	0.27	1
0	1	0	0	0	1	.	0	0.538	0.462	0	2
0	.	1	1	1	0	.	0.86	0	0.14	0	1
1	1	0	1	1	1	36.25	0.613	0	0.117	0.27	1
0	0	1	0	0	1	38.09	0	0.368	0.632	0	3
1	0	1	1	1	0	50.27	0.752	0	0.248	0	1
1	1	1	1	1	1	.	0.956	0	0.044	0	1
0	0	0	1	0	1	36.34	0	0.775	0.225	0	2
1	1	1	0	0	0	.	0	0.006	0.994	0	3
0	1	1	1	1	0	75.51	0.898	0	0.102	0	1
0	0	0	1	0	0	37.85	0	0.775	0.225	0	2
1	1	1	1	1	1	44.04	0.956	0	0.044	0	1
0	0	0	1	0	1	.	0	0.775	0.225	0	2
0	0	0	0	0	0	54.01	0	0.966	0.034	0	2
0	1	1	.	.	0	36.06	0.669	0.002	0.329	0	1
0	0	1	1	1	1	39.1	0.552	0	0.448	0	1
0	0	0	0	0	1	40.84	0	0.966	0.034	0	2
0	1	1	0	1	0	65	0.428	0	0.572	0	3
1	0	0	1	0	1	.	0	0.477	0.523	0	3
1	0	1	0	0	0	.	0	0.133	0.867	0	3
1	1	1	1	1	1	52.16	0.956	0	0.044	0	1
1	1	1	1	1	1	59.01	0.956	0	0.044	0	1
1	1	1	1	1	0	.	0.956	0	0.044	0	1
1	1	1	1	1	0	52.95	0.956	0	0.044	0	1
1	1	1	1	1	1	.	0.956	0	0.044	0	1
0	1	1	1	1	0	54.2	0.898	0	0.102	0	1
0	1	0	0	1	0	56.72	0.053	0	0.292	0.654	4
0	1	0	1	1	0	69.32	0.343	0	0.161	0.495	4
0	0	1	0	0	1	66.25	0	0.368	0.632	0	3
1	1	1	1	1	1	84.41	0.956	0	0.044	0	1
1	1	1	1	1	1	79.44	0.956	0	0.044	0	1
1	1	1	1	1	0	.	0.956	0	0.044	0	1
1	0	0	0	0	0	72.72	0	0.883	0.117	0	2
1	1	1	1	1	1	93.27	0.956	0	0.044	0	1
1	1	1	1	1	1	42.89	0.956	0	0.044	0	1
1	1	0	1	1	1	64.47	0.613	0	0.117	0.27	1
1	1	1	1	1	0	62.12	0.956	0	0.044	0	1
1	1	1	1	1	1	61.11	0.956	0	0.044	0	1
0	1	0	1	1	1	62.9	0.343	0	0.161	0.495	4
0	1	0	1	1	0	50.2	0.343	0	0.161	0.495	4
1	1	1	1	1	1	55.24	0.956	0	0.044	0	1
0	0	0	0	0	1	53.81	0	0.966	0.034	0	2
1	1	1	1	1	0	52.74	0.956	0	0.044	0	1
1	1	1	1	1	1	76.55	0.956	0	0.044	0	1
0	0	1	0	0	0	48.54	0	0.368	0.632	0	3
0	0	0	0	1	1	60.15	0.004	0	0.152	0.844	4
1	1	1	1	1	0	66.69	0.956	0	0.044	0	1
1	1	1	1	1	0	53.35	0.956	0	0.044	0	1
1	1	1	1	1	1	64.93	0.956	0	0.044	0	1
0	0	0	1	0	1	61.66	0	0.775	0.225	0	2
0	1	1	1	1	1	63.62	0.898	0	0.102	0	1
0	1	1	1	1	0	53.37	0.898	0	0.102	0	1
1	1	1	1	1	1	63.32	0.956	0	0.044	0	1
0	1	1	1	1	1	60.48	0.898	0	0.102	0	1
0	0	1	1	1	1	64.24	0.552	0	0.448	0	1
0	1	1	1	1	1	.	0.898	0	0.102	0	1
1	0	1	1	1	0	66.72	0.752	0	0.248	0	1
1	1	1	1	0	0	70.39	0	0.001	0.999	0	3
1	1	1	1	1	1	38.37	0.956	0	0.044	0	1
1	1	1	1	1	0	49.53	0.956	0	0.044	0	1
0	1	1	1	1	1	76.24	0.898	0	0.102	0	1
1	1	1	1	1	1	56.56	0.956	0	0.044	0	1
0	1	1	1	1	1	54.22	0.898	0	0.102	0	1
0	1	1	1	1	0	72.28	0.898	0	0.102	0	1
0	1	1	0	1	0	58.35	0.428	0	0.572	0	3
0	0	0	0	0	1	59.26	0	0.966	0.034	0	2
1	1	1	0	1	1	60.48	0.648	0	0.352	0	1
1	0	0	0	0	0	68.41	0	0.883	0.117	0	2
1	1	1	1	1	1	72.96	0.956	0	0.044	0	1
1	1	0	1	1	1	69.21	0.613	0	0.117	0.27	1
0	1	0	0	0	0	70.77	0	0.538	0.462	0	2
0	0	1	0	0	1	64.38	0	0.368	0.632	0	3
0	1	0	1	1	1	65.07	0.343	0	0.161	0.495	4
1	0	0	0	0	1	67.76	0	0.883	0.117	0	2
0	1	1	1	1	1	56.56	0.898	0	0.102	0	1
0	1	.	1	1	0	40.09	0.771	0	0.116	0.113	1
0	0	0	0	0	1	67.44	0	0.966	0.034	0	2
0	0	0	0	0	0	46.19	0	0.966	0.034	0	2
1	1	1	1	1	0	.	0.956	0	0.044	0	1
1	1	1	1	1	0	57.56	0.956	0	0.044	0	1
0	0	.	.	1	0	.	0.164	0	0.263	0.574	4
1	1	0	0	0	1	68.75	0	0.235	0.765	0	3
1	0	1	0	0	1	90.47	0	0.133	0.867	0	3
0	0	0	1	1	1	73.62	0.033	0	0.112	0.855	4
0	1	1	1	0	0	68.56	0	0.003	0.997	0	3
1	0	1	0	1	0	69.3	0.206	0	0.794	0	3
0	1	0	1	1	0	70.23	0.343	0	0.161	0.495	4
0	0	0	0	0	1	82.26	0	0.966	0.034	0	2
1	1	1	1	1	0	73.24	0.956	0	0.044	0	1
0	1	0	0	1	0	51.04	0.053	0	0.292	0.654	4
0	1	0	0	0	1	45.3	0	0.538	0.462	0	2
0	1	0	0	1	0	71.81	0.053	0	0.292	0.654	4
0	0	0	0	0	1	48.25	0	0.966	0.034	0	2
0	0	1	1	1	0	56.26	0.552	0	0.448	0	1
1	0	0	0	0	1	47.89	0	0.883	0.117	0	2
1	0	1	1	0	1	.	0	0.018	0.982	0	3
0	1	1	1	1	0	69.96	0.898	0	0.102	0	1
0	0	0	1	0	0	71.05	0	0.775	0.225	0	2
0	1	0	1	1	1	63.14	0.343	0	0.161	0.495	4
1	0	1	1	1	0	72.42	0.752	0	0.248	0	1
0	0	0	0	1	0	47.48	0.004	0	0.152	0.844	4
0	0	0	1	1	0	57.75	0.033	0	0.112	0.855	4
1	1	1	1	1	1	70.41	0.956	0	0.044	0	1
0	0	0	0	0	1	45.97	0	0.966	0.034	0	2
1	1	.	.	.	1	52.5	0.752	0.006	0.197	0.045	1
1	0	0	1	1	1	52.13	0.099	0	0.134	0.768	4
0	1	1	0	1	1	54.9	0.428	0	0.572	0	3
0	0	1	1	0	1	51.83	0	0.066	0.934	0	3
1	1	1	1	0	0	78.67	0	0.001	0.999	0	3
1	1	1	1	1	1	59.02	0.956	0	0.044	0	1
1	1	1	1	1	0	49.67	0.956	0	0.044	0	1
1	1	1	1	1	1	78.06	0.956	0	0.044	0	1
0	1	1	0	0	0	36.55	0	0.023	0.977	0	3
0	0	0	0	0	1	.	0	0.966	0.034	0	2
1	1	1	1	1	1	.	0.956	0	0.044	0	1
1	1	1	1	1	0	47.55	0.956	0	0.044	0	1
0	0	0	1	0	0	73.12	0	0.775	0.225	0	2
1	0	0	1	1	1	53.54	0.099	0	0.134	0.768	4
0	0	1	0	0	0	.	0	0.368	0.632	0	3
.	0	0	0	0	0	57.24	0	0.939	0.061	0	2
1	0	0	1	1	0	64.44	0.099	0	0.134	0.768	4
1	1	1	1	1	0	58.91	0.956	0	0.044	0	1
1	1	1	1	1	0	72.31	0.956	0	0.044	0	1
1	1	1	1	1	1	42.55	0.956	0	0.044	0	1
0	1	1	1	1	0	57.36	0.898	0	0.102	0	1
1	1	1	1	1	1	37.74	0.956	0	0.044	0	1
1	1	1	1	1	1	72.35	0.956	0	0.044	0	1
1	1	1	1	1	1	49.48	0.956	0	0.044	0	1
1	0	0	0	1	0	67.07	0.012	0	0.191	0.797	4
0	0	0	1	0	0	56.38	0	0.775	0.225	0	2
1	1	1	1	1	0	71.8	0.956	0	0.044	0	1
0	1	0	0	1	0	.	0.053	0	0.292	0.654	4
0	0	0	0	0	1	53.08	0	0.966	0.034	0	2
1	1	1	1	1	1	68.71	0.956	0	0.044	0	1
0	1	1	1	0	0	49.62	0	0.003	0.997	0	3
1	1	1	1	1	0	64.51	0.956	0	0.044	0	1
1	1	1	1	1	1	58.61	0.956	0	0.044	0	1
1	1	1	1	1	1	.	0.956	0	0.044	0	1
1	1	1	1	1	1	89.02	0.956	0	0.044	0	1
0	0	1	0	0	0	54.36	0	0.368	0.632	0	3
1	1	1	1	1	0	75.56	0.956	0	0.044	0	1
1	1	1	1	1	1	.	0.956	0	0.044	0	1
1	1	0	1	1	1	66.09	0.613	0	0.117	0.27	1
0	0	0	0	0	1	73.38	0	0.966	0.034	0	2
1	1	0	0	1	1	70.5	0.143	0	0.32	0.537	4
1	0	0	1	0	1	73.81	0	0.477	0.523	0	3
1	1	0	1	1	1	63.89	0.613	0	0.117	0.27	1
1	1	1	1	1	1	.	0.956	0	0.044	0	1
1	0	1	1	1	0	55.53	0.752	0	0.248	0	1
1	0	0	0	1	1	40.56	0.012	0	0.191	0.797	4
1	1	1	1	1	1	83.97	0.956	0	0.044	0	1
1	1	0	1	1	1	53.86	0.613	0	0.117	0.27	1
1	1	1	1	1	0	57.15	0.956	0	0.044	0	1
1	1	1	1	1	0	51.05	0.956	0	0.044	0	1
0	0	0	0	0	1	58.67	0	0.966	0.034	0	2
1	1	1	0	0	0	64.48	0	0.006	0.994	0	3
1	1	1	1	1	0	65.41	0.956	0	0.044	0	1
0	0	0	1	0	0	62.53	0	0.775	0.225	0	2
0	1	0	1	1	1	73.95	0.343	0	0.161	0.495	4
1	1	1	0	1	1	.	0.648	0	0.352	0	1
1	0	0	0	0	0	40.73	0	0.883	0.117	0	2
1	1	1	1	1	0	64.47	0.956	0	0.044	0	1
1	1	1	1	1	1	62.6	0.956	0	0.044	0	1
1	1	1	1	1	1	75.36	0.956	0	0.044	0	1
0	1	1	1	1	1	56.1	0.898	0	0.102	0	1
1	1	0	0	0	0	57.2	0	0.235	0.765	0	3
0	0	0	0	0	1	53.31	0	0.966	0.034	0	2
1	0	0	1	1	0	59.3	0.099	0	0.134	0.768	4
0	1	1	1	1	1	38.48	0.898	0	0.102	0	1
1	1	0	0	0	1	62.92	0	0.235	0.765	0	3
1	0	1	1	0	1	78	0	0.018	0.982	0	3
1	1	1	1	1	1	.	0.956	0	0.044	0	1
1	0	0	1	1	0	59.83	0.099	0	0.134	0.768	4
1	1	1	1	1	0	81	0.956	0	0.044	0	1
0	1	0	1	1	1	55.83	0.343	0	0.161	0.495	4
1	1	1	1	1	1	63.56	0.956	0	0.044	0	1
1	1	0	1	0	1	66.39	0	0.036	0.964	0	3
0	0	1	0	1	1	50.62	0.095	0	0.905	0	3
0	0	0	1	1	1	51.37	0.033	0	0.112	0.855	4
1	1	1	1	1	1	67.25	0.956	0	0.044	0	1
1	0	1	1	0	0	67.18	0	0.018	0.982	0	3
1	1	1	0	0	0	63.76	0	0.006	0.994	0	3
0	1	1	0	1	0	62.16	0.428	0	0.572	0	3
1	1	1	1	1	1	74.93	0.956	0	0.044	0	1
1	0	1	1	1	0	62.57	0.752	0	0.248	0	1
0	1	1	1	1	0	58.34	0.898	0	0.102	0	1
1	1	1	1	1	1	62.48	0.956	0	0.044	0	1
0	1	0	1	0	0	35.52	0	0.123	0.877	0	3
1	0	0	0	0	0	70.03	0	0.883	0.117	0	2
0	0	0	1	1	1	54.38	0.033	0	0.112	0.855	4
0	1	1	1	1	0	38.89	0.898	0	0.102	0	1
0	1	1	1	1	0	58.83	0.898	0	0.102	0	1
1	0	0	1	1	1	84.72	0.099	0	0.134	0.768	4
0	0	1	1	1	0	39.5	0.552	0	0.448	0	1
0	1	0	1	1	0	49.72	0.343	0	0.161	0.495	4
0	0	0	1	0	0	.	0	0.775	0.225	0	2
1	0	0	1	1	1	57.45	0.099	0	0.134	0.768	4
1	1	1	1	1	0	69.74	0.956	0	0.044	0	1
1	1	0	1	0	1	50.35	0	0.036	0.964	0	3
1	1	1	1	1	1	35.19	0.956	0	0.044	0	1
1	0	0	1	0	0	35.4	0	0.477	0.523	0	3
1	1	1	1	0	0	38.82	0	0.001	0.999	0	3
1	0	0	0	0	0	61.72	0	0.883	0.117	0	2
1	0	1	0	0	0	.	0	0.133	0.867	0	3
1	1	0	1	1	1	56.77	0.613	0	0.117	0.27	1
1	1	1	1	0	1	.	0	0.001	0.999	0	3
1	1	1	1	1	1	66.98	0.956	0	0.044	0	1
1	1	1	1	1	0	66.86	0.956	0	0.044	0	1
0	0	0	0	1	1	37.01	0.004	0	0.152	0.844	4
1	1	1	1	1	0	59.4	0.956	0	0.044	0	1
1	0	1	1	1	1	57.19	0.752	0	0.248	0	1
1	0	1	1	0	1	42.28	0	0.018	0.982	0	3
1	1	1	1	1	0	76.27	0.956	0	0.044	0	1
1	1	1	1	1	1	61.12	0.956	0	0.044	0	1
0	.	0	0	0	0	41.93	0	0.915	0.085	0	2
0	0	1	1	1	0	.	0.552	0	0.448	0	1
1	0	.	1	1	0	69.88	0.45	0	0.195	0.355	1
1	1	1	1	1	0	.	0.956	0	0.044	0	1
1	0	0	0	0	0	52.32	0	0.883	0.117	0	2
0	1	.	1	1	0	62.56	0.771	0	0.116	0.113	1
1	1	1	1	1	0	72.3	0.956	0	0.044	0	1
0	.	1	1	1	1	51.21	0.86	0	0.14	0	1
0	1	0	0	0	1	40.8	0	0.538	0.462	0	2
0	1	1	1	1	0	57.97	0.898	0	0.102	0	1
1	1	1	1	1	1	85.9	0.956	0	0.044	0	1
1	1	1	1	1	0	62.47	0.956	0	0.044	0	1
1	1	1	1	1	1	64.17	0.956	0	0.044	0	1
0	1	1	1	1	1	58.21	0.898	0	0.102	0	1
0	1	0	1	1	0	.	0.343	0	0.161	0.495	4
1	0	0	0	0	1	70.31	0	0.883	0.117	0	2
0	0	0	0	0	1	52.61	0	0.966	0.034	0	2
1	1	1	0	1	0	60.06	0.648	0	0.352	0	1
0	0	0	0	0	1	.	0	0.966	0.034	0	2
1	1	1	0	0	0	85.13	0	0.006	0.994	0	3
1	1	0	1	0	1	62.55	0	0.036	0.964	0	3
0	1	1	1	1	1	80.39	0.898	0	0.102	0	1
1	1	1	1	1	1	78.67	0.956	0	0.044	0	1
1	1	1	1	0	0	81.47	0	0.001	0.999	0	3
0	1	1	1	1	1	57.09	0.898	0	0.102	0	1
1	1	1	1	1	1	65.02	0.956	0	0.044	0	1
1	1	1	1	1	0	73.4	0.956	0	0.044	0	1
0	1	1	0	0	1	55.63	0	0.023	0.977	0	3
0	0	0	0	0	0	67.51	0	0.966	0.034	0	2
1	1	1	0	0	1	83.32	0	0.006	0.994	0	3
1	0	1	0	0	1	67.46	0	0.133	0.867	0	3
0	0	0	0	0	1	65.74	0	0.966	0.034	0	2
1	1	1	1	1	0	57.44	0.956	0	0.044	0	1
1	1	1	0	1	1	74.31	0.648	0	0.352	0	1
1	1	1	1	1	0	68.11	0.956	0	0.044	0	1
0	0	1	0	0	0	56.67	0	0.368	0.632	0	3
1	1	1	1	1	0	76.06	0.956	0	0.044	0	1
0	0	0	0	0	1	38.41	0	0.966	0.034	0	2
0	0	0	1	0	0	56.23	0	0.775	0.225	0	2
1	1	1	1	1	1	69.19	0.956	0	0.044	0	1
1	1	1	1	1	0	54.6	0.956	0	0.044	0	1
1	1	1	1	1	1	65.61	0.956	0	0.044	0	1
0	1	1	1	1	0	75.44	0.898	0	0.102	0	1
0	0	1	1	0	1	82.48	0	0.066	0.934	0	3
1	1	1	1	1	1	62.61	0.956	0	0.044	0	1
0	0	0	0	0	0	77.64	0	0.966	0.034	0	2
0	1	1	0	0	1	74.33	0	0.023	0.977	0	3
0	1	1	1	1	0	64.53	0.898	0	0.102	0	1
0	0	0	0	0	1	36.4	0	0.966	0.034	0	2
1	1	1	1	1	0	65.67	0.956	0	0.044	0	1
0	0	0	1	1	1	61.14	0.033	0	0.112	0.855	4
1	1	1	1	1	1	66	0.956	0	0.044	0	1
1	0	1	1	1	0	76.87	0.752	0	0.248	0	1
1	1	0	1	1	0	70.78	0.613	0	0.117	0.27	1
0	1	1	1	1	0	58.55	0.898	0	0.102	0	1
0	1	1	1	1	1	47.15	0.898	0	0.102	0	1
0	1	1	1	1	0	60.4	0.898	0	0.102	0	1
0	0	0	1	0	1	75.08	0	0.775	0.225	0	2
0	1	1	1	1	1	42.16	0.898	0	0.102	0	1
1	1	1	1	1	0	55.59	0.956	0	0.044	0	1
0	0	0	0	0	0	68.34	0	0.966	0.034	0	2
1	1	1	1	1	0	71.64	0.956	0	0.044	0	1
1	0	1	0	0	0	70.01	0	0.133	0.867	0	3
1	1	1	1	1	0	68.52	0.956	0	0.044	0	1
1	1	1	1	0	1	64.22	0	0.001	0.999	0	3
1	0	0	1	1	1	66.54	0.099	0	0.134	0.768	4
1	1	1	1	0	1	56.25	0	0.001	0.999	0	3
0	0	0	1	0	1	64.42	0	0.775	0.225	0	2
1	1	1	1	1	0	49.39	0.956	0	0.044	0	1
1	0	0	0	0	0	54.52	0	0.883	0.117	0	2
1	1	1	1	1	1	71.28	0.956	0	0.044	0	1
1	1	0	1	0	1	41.69	0	0.036	0.964	0	3
0	.	0	1	0	0	.	0	0.565	0.435	0	2
1	1	0	0	0	1	43.65	0	0.235	0.765	0	3
1	1	1	1	1	0	53.47	0.956	0	0.044	0	1
1	0	1	1	0	0	48.72	0	0.018	0.982	0	3
1	1	1	1	1	1	75.3	0.956	0	0.044	0	1
1	1	1	1	1	1	50.56	0.956	0	0.044	0	1
1	0	0	0	0	0	35.37	0	0.883	0.117	0	2
1	1	1	1	1	1	63.48	0.956	0	0.044	0	1
1	1	1	0	0	1	66	0	0.006	0.994	0	3
1	1	0	1	1	0	37.91	0.613	0	0.117	0.27	1
1	0	0	1	0	1	68.64	0	0.477	0.523	0	3
1	1	0	1	1	0	55.78	0.613	0	0.117	0.27	1
1	1	0	1	1	0	.	0.613	0	0.117	0.27	1
1	0	0	1	0	1	43.11	0	0.477	0.523	0	3
0	1	1	0	0	1	30.5	0	0.023	0.977	0	3
0	0	0	0	1	1	37.21	0.004	0	0.152	0.844	4
0	1	1	1	1	1	63.93	0.898	0	0.102	0	1
0	0	0	0	0	1	.	0	0.966	0.034	0	2
1	1	1	1	1	0	63.5	0.956	0	0.044	0	1
1	1	1	0	0	1	.	0	0.006	0.994	0	3
1	0	0	1	1	1	65.85	0.099	0	0.134	0.768	4
1	0	0	0	1	1	44.25	0.012	0	0.191	0.797	4
1	0	1	0	0	1	37.75	0	0.133	0.867	0	3
0	1	1	1	1	0	64.73	0.898	0	0.102	0	1
1	1	1	1	1	1	52.22	0.956	0	0.044	0	1
0	0	0	0	0	1	34.04	0	0.966	0.034	0	2
1	0	1	0	0	1	44.87	0	0.133	0.867	0	3
1	1	1	1	1	1	60.45	0.956	0	0.044	0	1
1	1	1	1	1	0	51.37	0.956	0	0.044	0	1
0	0	0	0	0	1	50.84	0	0.966	0.034	0	2
1	1	1	1	1	0	70.62	0.956	0	0.044	0	1
1	1	1	1	1	0	45.33	0.956	0	0.044	0	1
0	1	1	1	1	1	62.99	0.898	0	0.102	0	1
0	0	0	0	0	0	44.62	0	0.966	0.034	0	2
1	1	1	1	1	1	66.55	0.956	0	0.044	0	1
1	0	0	0	0	1	65.46	0	0.883	0.117	0	2
1	1	1	1	0	1	67.32	0	0.001	0.999	0	3
1	1	1	1	1	1	65.7	0.956	0	0.044	0	1
0	1	0	0	0	1	52.18	0	0.538	0.462	0	2
1	0	1	1	1	1	45.46	0.752	0	0.248	0	1
1	0	1	1	1	0	37.34	0.752	0	0.248	0	1
1	1	1	1	0	1	36.47	0	0.001	0.999	0	3
1	1	1	1	1	0	57.41	0.956	0	0.044	0	1
1	1	1	1	1	0	51.06	0.956	0	0.044	0	1
1	1	1	1	1	0	56.9	0.956	0	0.044	0	1
0	0	1	1	1	1	50.99	0.552	0	0.448	0	1
0	1	1	1	1	0	49.14	0.898	0	0.102	0	1
1	0	0	0	0	1	.	0	0.883	0.117	0	2
0	1	1	1	0	1	48.19	0	0.003	0.997	0	3
1	0	1	0	0	1	.	0	0.133	0.867	0	3
1	1	1	1	1	1	.	0.956	0	0.044	0	1
1	1	0	1	1	1	66.58	0.613	0	0.117	0.27	1
1	0	0	0	0	1	30.88	0	0.883	0.117	0	2
1	1	1	1	1	0	72.88	0.956	0	0.044	0	1
1	0	1	1	1	0	.	0.752	0	0.248	0	1
0	1	0	1	1	0	54.35	0.343	0	0.161	0.495	4
0	0	0	0	0	0	78.41	0	0.966	0.034	0	2
0	1	0	1	1	0	58.15	0.343	0	0.161	0.495	4
0	1	0	0	1	1	50.81	0.053	0	0.292	0.654	4
1	1	1	1	1	1	68.6	0.956	0	0.044	0	1
1	1	1	1	1	0	70.01	0.956	0	0.044	0	1
1	0	0	1	1	1	.	0.099	0	0.134	0.768	4
1	1	1	1	1	1	80.56	0.956	0	0.044	0	1
1	1	1	0	1	0	36.64	0.648	0	0.352	0	1
0	0	0	0	0	0	.	0	0.966	0.034	0	2
0	0	1	1	1	0	55.71	0.552	0	0.448	0	1
1	.	.	.	.	0	73.05	0.622	0.063	0.233	0.082	1
0	1	1	1	1	1	53.41	0.898	0	0.102	0	1
1	1	0	1	1	1	.	0.613	0	0.117	0.27	1
1	1	1	1	0	1	46.01	0	0.001	0.999	0	3
1	1	1	.	1	1	59.43	0.935	0	0.065	0	1
0	0	1	1	1	0	34.82	0.552	0	0.448	0	1
1	1	1	1	1	1	64.81	0.956	0	0.044	0	1
1	1	0	1	0	0	67.07	0	0.036	0.964	0	3
0	1	1	1	1	0	53.39	0.898	0	0.102	0	1
0	1	1	1	1	0	75.62	0.898	0	0.102	0	1
1	1	1	1	1	1	57.23	0.956	0	0.044	0	1
1	1	0	1	1	1	61.1	0.613	0	0.117	0.27	1
1	0	1	1	1	0	67.47	0.752	0	0.248	0	1
0	1	1	1	1	0	.	0.898	0	0.102	0	1
1	1	0	1	1	1	53.68	0.613	0	0.117	0.27	1
1	1	1	1	1	1	50.59	0.956	0	0.044	0	1
1	1	1	1	1	0	74.82	0.956	0	0.044	0	1
1	1	1	1	1	0	71.43	0.956	0	0.044	0	1
1	0	1	0	0	1	53.33	0	0.133	0.867	0	3
1	0	0	0	0	0	.	0	0.883	0.117	0	2
0	1	1	1	1	0	58.76	0.898	0	0.102	0	1
1	1	1	1	1	1	40.09	0.956	0	0.044	0	1
0	0	0	0	0	0	70.47	0	0.966	0.034	0	2
1	1	1	1	1	0	.	0.956	0	0.044	0	1
0	0	0	1	1	1	.	0.033	0	0.112	0.855	4
1	1	1	.	1	1	56.67	0.935	0	0.065	0	1
0	1	1	1	1	0	69.39	0.898	0	0.102	0	1
0	1	0	1	0	0	53.9	0	0.123	0.877	0	3
0	0	0	0	0	1	41.63	0	0.966	0.034	0	2
0	1	1	1	1	0	58.52	0.898	0	0.102	0	1
0	1	0	1	1	1	.	0.343	0	0.161	0.495	4
1	1	1	1	1	0	84.89	0.956	0	0.044	0	1
1	1	0	0	1	0	35.56	0.143	0	0.32	0.537	4
1	1	1	1	1	0	.	0.956	0	0.044	0	1
1	1	0	0	1	0	65.18	0.143	0	0.32	0.537	4
1	1	1	1	1	1	51.1	0.956	0	0.044	0	1
1	1	1	1	1	1	88.41	0.956	0	0.044	0	1
0	1	1	1	1	0	62.27	0.898	0	0.102	0	1
1	.	0	0	1	1	74.42	0.081	0	0.259	0.66	4
1	1	1	0	1	0	63.61	0.648	0	0.352	0	1
1	1	0	1	1	1	72.69	0.613	0	0.117	0.27	1
0	1	1	1	1	1	.	0.898	0	0.102	0	1
1	1	1	1	1	1	66.76	0.956	0	0.044	0	1
1	1	1	1	1	1	61.93	0.956	0	0.044	0	1
0	0	.	1	1	0	61.94	0.215	0	0.229	0.556	4
1	.	1	1	1	0	64.86	0.938	0	0.062	0	1
1	1	1	1	1	0	51.89	0.956	0	0.044	0	1
1	1	1	1	1	1	67.54	0.956	0	0.044	0	1
1	1	1	0	1	0	63.91	0.648	0	0.352	0	1
1	1	1	1	1	0	58.58	0.956	0	0.044	0	1
1	1	1	1	1	1	62.45	0.956	0	0.044	0	1
1	0	1	1	0	0	.	0	0.018	0.982	0	3
1	1	1	1	1	1	66.53	0.956	0	0.044	0	1
0	0	1	1	1	0	64.53	0.552	0	0.448	0	1
0	1	1	1	1	0	64.11	0.898	0	0.102	0	1
1	1	1	1	1	1	.	0.956	0	0.044	0	1
0	1	1	.	1	0	48.28	0.854	0	0.146	0	1
1	1	1	1	1	1	72.8	0.956	0	0.044	0	1
1	1	1	1	1	1	73.53	0.956	0	0.044	0	1
1	0	1	1	1	0	75.36	0.752	0	0.248	0	1
0	1	1	1	0	1	72.62	0	0.003	0.997	0	3
1	1	1	1	1	1	.	0.956	0	0.044	0	1
0	0	0	0	0	0	78.41	0	0.966	0.034	0	2
1	1	1	0	1	0	67.25	0.648	0	0.352	0	1
1	1	1	1	1	0	60.76	0.956	0	0.044	0	1
0	1	0	1	0	1	64.22	0	0.123	0.877	0	3
0	0	0	1	1	1	63.68	0.033	0	0.112	0.855	4
0	0	0	0	0	1	63.09	0	0.966	0.034	0	2
1	1	1	1	1	1	.	0.956	0	0.044	0	1
1	1	0	0	0	1	.	0	0.235	0.765	0	3
0	.	0	0	0	0	.	0	0.915	0.085	0	2
1	1	1	0	1	1	57.59	0.648	0	0.352	0	1
1	1	1	1	1	1	84.15	0.956	0	0.044	0	1
1	1	1	0	1	0	73.89	0.648	0	0.352	0	1
0	1	1	1	1	1	47.52	0.898	0	0.102	0	1
1	1	1	1	1	1	64.7	0.956	0	0.044	0	1
1	1	1	1	1	0	66.7	0.956	0	0.044	0	1
1	1	1	0	1	1	82.47	0.648	0	0.352	0	1
1	1	1	1	1	0	84.68	0.956	0	0.044	0	1
0	1	1	1	1	1	79.98	0.898	0	0.102	0	1
0	0	0	0	0	1	.	0	0.966	0.034	0	2
1	1	1	1	1	0	43.27	0.956	0	0.044	0	1
0	0	0	0	1	1	.	0.004	0	0.152	0.844	4
1	1	1	1	1	0	.	0.956	0	0.044	0	1
1	1	1	1	1	1	91.59	0.956	0	0.044	0	1
0	0	0	0	0	0	59.5	0	0.966	0.034	0	2
0	1	0	0	1	1	60.77	0.053	0	0.292	0.654	4
1	1	1	0	1	1	75.77	0.648	0	0.352	0	1
1	1	1	1	1	1	69.89	0.956	0	0.044	0	1
1	1	1	1	1	0	56.87	0.956	0	0.044	0	1
0	0	0	0	0	1	78.02	0	0.966	0.034	0	2
1	1	1	1	1	0	75.54	0.956	0	0.044	0	1
0	1	1	1	1	1	74.38	0.898	0	0.102	0	1
1	1	1	1	1	1	49.06	0.956	0	0.044	0	1
1	1	0	0	1	1	.	0.143	0	0.32	0.537	4
1	1	1	1	1	1	79.32	0.956	0	0.044	0	1
0	1	1	1	1	1	67	0.898	0	0.102	0	1
1	0	0	0	0	0	.	0	0.883	0.117	0	2
0	0	0	1	1	0	.	0.033	0	0.112	0.855	4
1	1	0	1	1	1	60.37	0.613	0	0.117	0.27	1
1	.	1	.	1	1	44.99	0.91	0	0.09	0	1
1	1	1	1	1	1	39.14	0.956	0	0.044	0	1
1	0	1	1	0	1	84.27	0	0.018	0.982	0	3
1	1	1	1	1	0	65.51	0.956	0	0.044	0	1
1	1	1	1	1	1	62.88	0.956	0	0.044	0	1
1	1	1	1	1	1	63.13	0.956	0	0.044	0	1
0	1	1	1	1	0	66.82	0.898	0	0.102	0	1
1	0	1	1	1	0	74.34	0.752	0	0.248	0	1
0	1	1	1	1	1	53.29	0.898	0	0.102	0	1
1	1	1	0	0	0	61.25	0	0.006	0.994	0	3
1	0	1	1	1	0	81.71	0.752	0	0.248	0	1
1	1	1	1	1	1	78.29	0.956	0	0.044	0	1
1	1	1	1	1	1	81.45	0.956	0	0.044	0	1
1	0	1	1	1	0	48.2	0.752	0	0.248	0	1
0	1	1	1	1	0	66.1	0.898	0	0.102	0	1
1	1	1	1	1	1	.	0.956	0	0.044	0	1
1	1	1	1	1	0	59.16	0.956	0	0.044	0	1
0	0	0	0	0	1	55.02	0	0.966	0.034	0	2
1	1	1	1	1	0	79.09	0.956	0	0.044	0	1
0	1	1	1	1	1	51.65	0.898	0	0.102	0	1
1	1	.	.	0	0	54.66	0	0.043	0.957	0	3
1	1	0	0	1	1	75.23	0.143	0	0.32	0.537	4
1	1	1	1	1	1	68.97	0.956	0	0.044	0	1
0	1	1	1	1	1	.	0.898	0	0.102	0	1
1	1	1	1	1	1	76.36	0.956	0	0.044	0	1
1	1	1	1	1	0	.	0.956	0	0.044	0	1
1	1	1	1	1	0	53.45	0.956	0	0.044	0	1
1	1	1	1	1	1	.	0.956	0	0.044	0	1
1	1	0	1	1	0	80.18	0.613	0	0.117	0.27	1
1	1	0	1	1	1	70.15	0.613	0	0.117	0.27	1
1	1	1	1	1	1	53.37	0.956	0	0.044	0	1
1	1	1	1	1	1	56.31	0.956	0	0.044	0	1
1	0	0	0	1	0	.	0.012	0	0.191	0.797	4
1	1	1	1	1	1	54.18	0.956	0	0.044	0	1
1	1	0	1	1	1	60.52	0.613	0	0.117	0.27	1
0	1	1	1	0	1	.	0	0.003	0.997	0	3
1	1	1	1	1	0	66.61	0.956	0	0.044	0	1
1	0	1	1	0	0	53.49	0	0.018	0.982	0	3
0	1	0	1	1	1	80.16	0.343	0	0.161	0.495	4
0	1	1	1	0	0	.	0	0.003	0.997	0	3
.	1	1	1	1	0	57.44	0.944	0	0.056	0	1
1	1	1	1	1	0	85.31	0.956	0	0.044	0	1
1	1	.	1	1	1	67.16	0.904	0	0.055	0.04	1
1	1	1	1	1	1	40.45	0.956	0	0.044	0	1
1	1	1	1	1	0	56.42	0.956	0	0.044	0	1
1	0	0	0	1	1	36.84	0.012	0	0.191	0.797	4
1	1	1	0	1	0	52.82	0.648	0	0.352	0	1
1	1	1	1	1	0	44.37	0.956	0	0.044	0	1
1	0	1	0	1	0	65.91	0.206	0	0.794	0	3
1	0	1	1	1	1	64.97	0.752	0	0.248	0	1
1	1	1	1	1	0	52.25	0.956	0	0.044	0	1
1	1	1	1	1	1	.	0.956	0	0.044	0	1
0	1	1	0	0	1	.	0	0.023	0.977	0	3
1	1	0	0	1	1	54.84	0.143	0	0.32	0.537	4
0	1	1	0	0	1	.	0	0.023	0.977	0	3
1	1	1	1	1	1	83.69	0.956	0	0.044	0	1
1	1	1	1	1	1	66.94	0.956	0	0.044	0	1
0	1	1	1	1	1	78.59	0.898	0	0.102	0	1
0	0	1	1	0	1	.	0	0.066	0.934	0	3
0	0	1	1	0	1	34.06	0	0.066	0.934	0	3
1	1	1	1	1	1	41.06	0.956	0	0.044	0	1
1	1	1	1	1	1	74.24	0.956	0	0.044	0	1
1	0	1	1	1	1	.	0.752	0	0.248	0	1
1	1	1	1	1	1	81.28	0.956	0	0.044	0	1
1	1	1	1	1	1	72.89	0.956	0	0.044	0	1
1	1	1	1	1	1	54.82	0.956	0	0.044	0	1
0	1	1	1	1	0	.	0.898	0	0.102	0	1
1	1	1	1	1	1	82.83	0.956	0	0.044	0	1
1	1	1	0	0	1	94.19	0	0.006	0.994	0	3
1	1	1	0	0	1	89.5	0	0.006	0.994	0	3
0	0	0	0	0	1	.	0	0.966	0.034	0	2
1	1	0	0	1	1	57.64	0.143	0	0.32	0.537	4
1	.	0	0	0	1	.	0	0.739	0.261	0	2
0	0	0	1	1	1	35.61	0.033	0	0.112	0.855	4
1	1	1	1	1	1	64.04	0.956	0	0.044	0	1
0	1	1	1	1	1	87.14	0.898	0	0.102	0	1
1	0	1	1	1	1	66.91	0.752	0	0.248	0	1
0	1	1	0	0	1	45.33	0	0.023	0.977	0	3
1	1	1	1	1	1	66.12	0.956	0	0.044	0	1
1	0	1	1	1	1	76.61	0.752	0	0.248	0	1
1	1	1	1	1	1	77.95	0.956	0	0.044	0	1
1	1	0	0	1	0	78.31	0.143	0	0.32	0.537	4
0	1	0	1	0	0	64.88	0	0.123	0.877	0	3
0	0	0	1	1	0	74.06	0.033	0	0.112	0.855	4
1	1	0	1	1	0	72.67	0.613	0	0.117	0.27	1
0	1	1	1	1	0	.	0.898	0	0.102	0	1
0	1	1	1	1	0	60.47	0.898	0	0.102	0	1
1	1	0	0	0	0	59.47	0	0.235	0.765	0	3
1	1	1	1	1	0	63.52	0.956	0	0.044	0	1
1	1	0	1	0	0	79.22	0	0.036	0.964	0	3
1	1	0	0	1	0	73.57	0.143	0	0.32	0.537	4
1	0	1	1	1	0	71.13	0.752	0	0.248	0	1
1	1	1	1	1	0	.	0.956	0	0.044	0	1
1	1	1	1	1	0	75.62	0.956	0	0.044	0	1
1	0	1	1	1	0	78.83	0.752	0	0.248	0	1
1	1	1	1	1	0	48.19	0.956	0	0.044	0	1
1	1	0	0	0	0	48.25	0	0.235	0.765	0	3
1	1	0	1	1	0	59.31	0.613	0	0.117	0.27	1
1	1	1	1	1	0	.	0.956	0	0.044	0	1
1	1	1	1	1	0	77	0.956	0	0.044	0	1
0	1	0	1	1	1	72.04	0.343	0	0.161	0.495	4
0	0	1	1	0	1	.	0	0.066	0.934	0	3
0	1	1	1	1	1	82.85	0.898	0	0.102	0	1
1	1	1	1	1	1	73.4	0.956	0	0.044	0	1
0	0	0	0	1	1	36.46	0.004	0	0.152	0.844	4
0	1	1	1	1	1	.	0.898	0	0.102	0	1
0	0	0	0	0	0	50.61	0	0.966	0.034	0	2
0	0	0	0	0	1	.	0	0.966	0.034	0	2
1	1	1	1	1	1	.	0.956	0	0.044	0	1
0	1	1	1	1	1	60.35	0.898	0	0.102	0	1
0	0	0	1	1	0	.	0.033	0	0.112	0.855	4
1	1	0	1	1	1	.	0.613	0	0.117	0.27	1
0	1	1	1	0	0	.	0	0.003	0.997	0	3
0	1	1	1	0	0	57.14	0	0.003	0.997	0	3
0	1	1	0	1	1	41.67	0.428	0	0.572	0	3
1	1	1	1	1	1	70.96	0.956	0	0.044	0	1
1	0	1	1	1	1	.	0.752	0	0.248	0	1
1	1	1	1	1	1	37.73	0.956	0	0.044	0	1
0	0	0	1	0	1	.	0	0.775	0.225	0	2
0	1	1	1	1	0	.	0.898	0	0.102	0	1
1	1	1	1	1	0	62.42	0.956	0	0.044	0	1
1	1	1	1	0	1	.	0	0.001	0.999	0	3
1	1	1	1	1	1	.	0.956	0	0.044	0	1
1	1	1	1	0	1	.	0	0.001	0.999	0	3
1	1	0	1	1	0	.	0.613	0	0.117	0.27	1
1	1	0	1	1	1	.	0.613	0	0.117	0.27	1
1	1	1	0	1	0	.	0.648	0	0.352	0	1
1	1	1	1	1	0	58.54	0.956	0	0.044	0	1
1	1	1	1	1	1	.	0.956	0	0.044	0	1
1	1	1	1	1	0	.	0.956	0	0.044	0	1
1	1	1	1	1	1	60.39	0.956	0	0.044	0	1
1	1	1	1	1	1	71.71	0.956	0	0.044	0	1
1	1	1	1	1	0	76.81	0.956	0	0.044	0	1
1	0	1	0	0	0	.	0	0.133	0.867	0	3
0	1	0	1	1	0	49.98	0.343	0	0.161	0.495	4
0	1	0	1	1	0	.	0.343	0	0.161	0.495	4
0	0	0	1	1	0	.	0.033	0	0.112	0.855	4
1	1	1	1	0	0	65.2	0	0.001	0.999	0	3
0	1	0	1	1	0	.	0.343	0	0.161	0.495	4
1	1	1	1	1	1	.	0.956	0	0.044	0	1
1	0	0	0	0	0	.	0	0.883	0.117	0	2
0	1	1	0	0	1	.	0	0.023	0.977	0	3
1	1	1	1	1	0	72.25	0.956	0	0.044	0	1
1	1	1	1	1	0	.	0.956	0	0.044	0	1
1	0	1	0	1	1	54.49	0.206	0	0.794	0	3
0	1	1	1	0	0	.	0	0.003	0.997	0	3
1	1	1	1	1	0	46.91	0.956	0	0.044	0	1
1	0	1	1	1	0	80.7	0.752	0	0.248	0	1
0	1	0	0	1	1	38.85	0.053	0	0.292	0.654	4
1	1	0	0	0	0	47.46	0	0.235	0.765	0	3
0	0	1	1	1	0	72.11	0.552	0	0.448	0	1
1	1	1	1	1	1	38.88	0.956	0	0.044	0	1
1	1	0	1	1	0	70.26	0.613	0	0.117	0.27	1
1	1	1	0	1	0	.	0.648	0	0.352	0	1
1	1	1	.	1	0	62.95	0.935	0	0.065	0	1
1	1	1	1	1	1	61.04	0.956	0	0.044	0	1
1	1	1	1	1	1	76.52	0.956	0	0.044	0	1
0	0	1	1	0	1	.	0	0.066	0.934	0	3
1	1	1	0	0	0	58.54	0	0.006	0.994	0	3
1	1	1	1	1	1	69.51	0.956	0	0.044	0	1
1	1	1	1	1	1	72.97	0.956	0	0.044	0	1
1	1	1	1	1	1	67.41	0.956	0	0.044	0	1
1	1	1	1	1	1	72.98	0.956	0	0.044	0	1
1	1	1	1	1	1	.	0.956	0	0.044	0	1
1	1	1	1	1	1	62.04	0.956	0	0.044	0	1
0	0	1	1	1	1	.	0.552	0	0.448	0	1
0	1	1	1	1	0	68.18	0.898	0	0.102	0	1
1	0	0	1	1	1	67.25	0.099	0	0.134	0.768	4
0	1	1	1	1	0	55.73	0.898	0	0.102	0	1
1	1	1	1	1	1	41.16	0.956	0	0.044	0	1
1	1	1	1	0	0	68.72	0	0.001	0.999	0	3
1	0	1	1	0	1	59.84	0	0.018	0.982	0	3
1	1	1	1	1	1	61.98	0.956	0	0.044	0	1
1	1	0	1	1	0	70.74	0.613	0	0.117	0.27	1
0	1	1	1	0	1	38.08	0	0.003	0.997	0	3
1	0	1	1	1	1	60.08	0.752	0	0.248	0	1
0	0	1	1	1	0	53.11	0.552	0	0.448	0	1
1	1	1	1	1	1	65.14	0.956	0	0.044	0	1
0	0	0	1	1	1	39.55	0.033	0	0.112	0.855	4
0	1	0	0	0	0	58.14	0	0.538	0.462	0	2
0	1	1	1	1	1	.	0.898	0	0.102	0	1
1	1	1	1	1	0	51.83	0.956	0	0.044	0	1
1	1	1	1	1	1	75.19	0.956	0	0.044	0	1
0	1	1	1	0	0	59.52	0	0.003	0.997	0	3
1	1	1	1	1	1	77.74	0.956	0	0.044	0	1
0	0	0	1	0	0	41.93	0	0.775	0.225	0	2
0	1	1	1	0	0	57.72	0	0.003	0.997	0	3
1	1	0	0	0	1	.	0	0.235	0.765	0	3
1	1	0	1	1	0	67.25	0.613	0	0.117	0.27	1
0	1	1	1	1	1	50.13	0.898	0	0.102	0	1
0	0	0	0	0	0	51.44	0	0.966	0.034	0	2
0	1	1	0	1	1	42.04	0.428	0	0.572	0	3
1	1	1	1	1	0	74	0.956	0	0.044	0	1
1	1	1	1	1	0	69.34	0.956	0	0.044	0	1
0	1	1	1	1	1	57.5	0.898	0	0.102	0	1
0	1	1	1	.	1	69.92	0.753	0	0.246	0	1
1	0	0	1	1	1	62.57	0.099	0	0.134	0.768	4
0	1	1	0	1	0	51.97	0.428	0	0.572	0	3
0	1	1	1	1	0	54.11	0.898	0	0.102	0	1
1	1	1	1	1	0	73.98	0.956	0	0.044	0	1
1	1	1	1	1	1	74.98	0.956	0	0.044	0	1
1	1	1	1	1	1	.	0.956	0	0.044	0	1
0	1	1	0	1	0	65.08	0.428	0	0.572	0	3
1	1	1	1	1	1	37.03	0.956	0	0.044	0	1
1	0	0	1	1	1	41.01	0.099	0	0.134	0.768	4
1	1	1	1	0	1	.	0	0.001	0.999	0	3
1	1	1	0	0	0	70.25	0	0.006	0.994	0	3
1	1	1	1	1	0	62.17	0.956	0	0.044	0	1
1	1	.	.	.	1	59.41	0.752	0.006	0.197	0.045	1
1	0	0	1	0	0	67.31	0	0.477	0.523	0	3
0	.	.	0	0	0	54.31	0	0.78	0.22	0	2
1	0	0	1	1	1	.	0.099	0	0.134	0.768	4
0	0	0	1	1	1	71.01	0.033	0	0.112	0.855	4
0	1	0	1	1	0	68.08	0.343	0	0.161	0.495	4
1	1	1	1	1	0	70.61	0.956	0	0.044	0	1
1	1	0	1	1	1	.	0.613	0	0.117	0.27	1
1	1	1	1	1	0	.	0.956	0	0.044	0	1
1	1	0	0	1	0	65.1	0.143	0	0.32	0.537	4
0	1	1	1	1	0	49.79	0.898	0	0.102	0	1
.	1	1	1	1	1	80.33	0.944	0	0.056	0	1
0	1	1	.	1	1	81.76	0.854	0	0.146	0	1
1	1	1	1	1	0	.	0.956	0	0.044	0	1
1	0	1	1	0	1	72.01	0	0.018	0.982	0	3
1	1	1	1	1	0	78.66	0.956	0	0.044	0	1
0	1	1	1	0	0	70.07	0	0.003	0.997	0	3
1	0	0	1	1	0	.	0.099	0	0.134	0.768	4
0	1	0	1	1	0	70.85	0.343	0	0.161	0.495	4
0	0	0	1	0	1	.	0	0.775	0.225	0	2
0	1	1	1	1	1	62.21	0.898	0	0.102	0	1
1	1	0	0	0	0	60.87	0	0.235	0.765	0	3
1	0	.	0	0	0	60.4	0	0.714	0.286	0	2
1	1	1	1	1	0	74.66	0.956	0	0.044	0	1
1	0	0	0	1	0	68.85	0.012	0	0.191	0.797	4
1	0	0	.	1	1	75.12	0.074	0	0.15	0.776	4
1	1	1	0	0	1	.	0	0.006	0.994	0	3
0	1	1	1	1	0	57.61	0.898	0	0.102	0	1
0	1	0	1	1	0	57.11	0.343	0	0.161	0.495	4
0	1	1	1	1	1	.	0.898	0	0.102	0	1
0	1	0	1	1	1	45.94	0.343	0	0.161	0.495	4
1	1	.	0	1	1	63.97	0.478	0	0.341	0.182	1
0	.	0	0	0	1	51.52	0	0.915	0.085	0	2
1	0	0	0	1	1	67.74	0.012	0	0.191	0.797	4
1	0	0	1	1	1	.	0.099	0	0.134	0.768	4
1	1	1	1	1	1	.	0.956	0	0.044	0	1
1	1	1	1	1	0	54.26	0.956	0	0.044	0	1
0	1	1	1	1	0	52.83	0.898	0	0.102	0	1
1	1	1	1	1	0	58	0.956	0	0.044	0	1
1	1	1	1	1	1	75.37	0.956	0	0.044	0	1
1	1	1	1	1	1	.	0.956	0	0.044	0	1
1	1	1	1	1	0	68.53	0.956	0	0.044	0	1
1	1	1	1	1	1	60.75	0.956	0	0.044	0	1
1	1	1	1	1	0	73.08	0.956	0	0.044	0	1
1	0	1	1	1	1	.	0.752	0	0.248	0	1
1	0	0	1	1	0	.	0.099	0	0.134	0.768	4
0	1	1	1	1	0	57.58	0.898	0	0.102	0	1
1	1	1	1	1	1	49.92	0.956	0	0.044	0	1
0	0	0	1	1	1	36	0.033	0	0.112	0.855	4
1	1	1	1	1	1	62.53	0.956	0	0.044	0	1
0	1	1	0	1	0	60.78	0.428	0	0.572	0	3
0	0	0	0	0	0	55.62	0	0.966	0.034	0	2
0	1	0	0	0	1	70.79	0	0.538	0.462	0	2
0	0	1	1	0	0	68.27	0	0.066	0.934	0	3
0	0	0	0	0	1	71.83	0	0.966	0.034	0	2
1	1	0	1	1	1	36.96	0.613	0	0.117	0.27	1
1	1	1	1	1	0	57.94	0.956	0	0.044	0	1
1	0	0	0	0	1	49.52	0	0.883	0.117	0	2
1	0	0	1	1	0	.	0.099	0	0.134	0.768	4
1	1	1	1	1	1	55.31	0.956	0	0.044	0	1
1	1	1	1	1	0	73.7	0.956	0	0.044	0	1
0	0	1	1	0	0	53.51	0	0.066	0.934	0	3
1	0	0	1	1	0	.	0.099	0	0.134	0.768	4
0	1	0	0	1	0	36.95	0.053	0	0.292	0.654	4
0	0	0	0	0	0	56.18	0	0.966	0.034	0	2
0	0	0	.	1	1	35.96	0.025	0	0.124	0.852	4
1	1	0	1	1	0	57.04	0.613	0	0.117	0.27	1
1	1	1	1	1	1	50.11	0.956	0	0.044	0	1
1	1	1	1	1	1	44.69	0.956	0	0.044	0	1
1	1	1	1	0	0	56.24	0	0.001	0.999	0	3
1	1	1	0	0	1	32.38	0	0.006	0.994	0	3
0	1	1	0	1	0	51.1	0.428	0	0.572	0	3
0	1	1	1	1	1	42.33	0.898	0	0.102	0	1
1	1	1	1	1	1	.	0.956	0	0.044	0	1
1	1	1	1	1	0	59.3	0.956	0	0.044	0	1
1	1	1	1	1	1	57.1	0.956	0	0.044	0	1
0	0	0	1	0	0	.	0	0.775	0.225	0	2
0	1	1	1	0	0	54.98	0	0.003	0.997	0	3
1	1	0	1	1	0	52.24	0.613	0	0.117	0.27	1
1	1	1	0	1	0	79.03	0.648	0	0.352	0	1
0	0	1	0	0	1	.	0	0.368	0.632	0	3
1	0	0	1	1	0	64.97	0.099	0	0.134	0.768	4
1	1	1	1	1	1	64.65	0.956	0	0.044	0	1
1	1	1	1	1	1	67.99	0.956	0	0.044	0	1
1	1	1	1	1	0	52.73	0.956	0	0.044	0	1
1	1	1	1	1	0	49.93	0.956	0	0.044	0	1
1	1	0	1	1	1	65.23	0.613	0	0.117	0.27	1
0	0	0	0	0	0	50.39	0	0.966	0.034	0	2
0	0	0	0	0	1	.	0	0.966	0.034	0	2
1	1	0	1	1	1	.	0.613	0	0.117	0.27	1
1	0	0	1	0	1	76.75	0	0.477	0.523	0	3
1	1	1	1	1	0	63.87	0.956	0	0.044	0	1
1	0	0	0	0	1	64.62	0	0.883	0.117	0	2
1	1	1	1	0	0	62.94	0	0.001	0.999	0	3
1	0	0	0	1	1	53.25	0.012	0	0.191	0.797	4
0	0	0	0	0	0	68	0	0.966	0.034	0	2
0	0	1	1	0	0	88.8	0	0.066	0.934	0	3
1	0	0	0	0	1	52.16	0	0.883	0.117	0	2
1	1	1	1	1	1	42.43	0.956	0	0.044	0	1
0	1	1	1	1	1	40.34	0.898	0	0.102	0	1
1	0	0	0	0	0	.	0	0.883	0.117	0	2
0	1	1	0	1	0	.	0.428	0	0.572	0	3
1	0	0	1	1	1	45.32	0.099	0	0.134	0.768	4
1	1	0	1	0	0	.	0	0.036	0.964	0	3
1	1	1	1	1	0	77.87	0.956	0	0.044	0	1
1	1	1	0	0	1	.	0	0.006	0.994	0	3
0	1	0	0	1	0	53.59	0.053	0	0.292	0.654	4
0	1	0	0	0	1	38.48	0	0.538	0.462	0	2
1	0	1	0	0	1	82.17	0	0.133	0.867	0	3
1	0	0	0	0	0	57.28	0	0.883	0.117	0	2
0	0	0	1	0	1	64.67	0	0.775	0.225	0	2
1	1	1	1	1	0	68.63	0.956	0	0.044	0	1
1	1	1	1	1	1	54.38	0.956	0	0.044	0	1
1	0	0	1	1	0	.	0.099	0	0.134	0.768	4
1	1	1	1	1	0	.	0.956	0	0.044	0	1
0	0	0	1	0	0	.	0	0.775	0.225	0	2
0	0	0	0	0	1	.	0	0.966	0.034	0	2
1	1	0	1	1	0	.	0.613	0	0.117	0.27	1
1	1	1	1	1	1	.	0.956	0	0.044	0	1
1	1	1	1	1	1	.	0.956	0	0.044	0	1
1	1	.	1	1	0	.	0.904	0	0.055	0.04	1
1	1	0	0	0	1	.	0	0.235	0.765	0	3
1	1	1	0	0	1	.	0	0.006	0.994	0	3
1	1	1	1	1	1	.	0.956	0	0.044	0	1
0	1	1	1	1	1	.	0.898	0	0.102	0	1
0	0	0	1	0	1	.	0	0.775	0.225	0	2
0	1	.	1	1	1	.	0.771	0	0.116	0.113	1
0	0	0	0	0	0	.	0	0.966	0.034	0	2
1	1	1	1	1	0	.	0.956	0	0.044	0	1
1	1	1	1	1	1	40.89	0.956	0	0.044	0	1
1	1	1	0	1	0	.	0.648	0	0.352	0	1
1	1	1	1	1	0	.	0.956	0	0.044	0	1
1	1	1	1	1	0	80.49	0.956	0	0.044	0	1
0	1	0	1	0	1	.	0	0.123	0.877	0	3
0	1	1	1	1	0	42.9	0.898	0	0.102	0	1
1	0	0	1	1	1	.	0.099	0	0.134	0.768	4
0	0	0	0	0	0	.	0	0.966	0.034	0	2
1	1	1	1	0	1	.	0	0.001	0.999	0	3
1	1	0	1	1	0	69.19	0.613	0	0.117	0.27	1
0	0	1	1	1	1	.	0.552	0	0.448	0	1
1	1	1	1	1	1	.	0.956	0	0.044	0	1
0	1	0	.	0	1	.	0	0.339	0.661	0	3
0	0	0	1	1	0	53.98	0.033	0	0.112	0.855	4
1	0	0	1	1	0	.	0.099	0	0.134	0.768	4
0	1	0	1	0	1	.	0	0.123	0.877	0	3
0	1	0	0	0	0	.	0	0.538	0.462	0	2
0	0	1	1	1	0	.	0.552	0	0.448	0	1
1	0	1	1	1	1	.	0.752	0	0.248	0	1
1	1	1	1	1	0	.	0.956	0	0.044	0	1
1	1	1	1	1	1	.	0.956	0	0.044	0	1
1	1	1	1	1	0	.	0.956	0	0.044	0	1
1	0	1	1	1	1	.	0.752	0	0.248	0	1
1	1	1	1	1	1	.	0.956	0	0.044	0	1
0	1	1	1	1	0	.	0.898	0	0.102	0	1
1	1	1	1	1	0	.	0.956	0	0.044	0	1
1	1	1	1	0	0	.	0	0.001	0.999	0	3
1	1	0	1	1	1	.	0.613	0	0.117	0.27	1
1	1	1	1	1	1	.	0.956	0	0.044	0	1
1	1	0	1	1	0	.	0.613	0	0.117	0.27	1
0	0	0	0	0	0	.	0	0.966	0.034	0	2
0	1	0	1	1	0	.	0.343	0	0.161	0.495	4
1	0	0	0	0	0	.	0	0.883	0.117	0	2
1	1	1	1	1	1	.	0.956	0	0.044	0	1
1	1	1	1	1	1	.	0.956	0	0.044	0	1
1	1	1	1	0	0	.	0	0.001	0.999	0	3
1	1	1	1	0	1	.	0	0.001	0.999	0	3
0	1	0	0	0	1	.	0	0.538	0.462	0	2
1	1	1	1	1	1	.	0.956	0	0.044	0	1
0	0	0	0	0	0	.	0	0.966	0.034	0	2
1	1	1	1	1	1	.	0.956	0	0.044	0	1
1	1	1	1	1	1	40.43	0.956	0	0.044	0	1
1	0	0	0	1	1	47.79	0.012	0	0.191	0.797	4
1	1	1	1	0	1	64.59	0	0.001	0.999	0	3
1	1	1	1	1	0	59.49	0.956	0	0.044	0	1
0	1	1	1	1	1	54.2	0.898	0	0.102	0	1
1	1	1	1	1	1	66.22	0.956	0	0.044	0	1
1	1	1	1	1	1	74.69	0.956	0	0.044	0	1
0	0	0	1	0	0	63.04	0	0.775	0.225	0	2
1	1	1	1	1	1	66.05	0.956	0	0.044	0	1
1	0	.	1	0	1	30.93	0	0.232	0.768	0	3
1	1	1	1	1	1	37.52	0.956	0	0.044	0	1
0	1	1	1	0	1	56.81	0	0.003	0.997	0	3
0	1	1	1	1	0	42.14	0.898	0	0.102	0	1
0	0	0	0	0	0	63.71	0	0.966	0.034	0	2
1	1	1	1	1	0	58.12	0.956	0	0.044	0	1
1	1	1	1	1	1	28.61	0.956	0	0.044	0	1
1	1	1	1	1	1	77.57	0.956	0	0.044	0	1
1	1	0	1	0	0	55.02	0	0.036	0.964	0	3
1	1	0	1	0	0	48.54	0	0.036	0.964	0	3
0	1	0	1	1	0	63.31	0.343	0	0.161	0.495	4
1	1	1	1	1	1	60.56	0.956	0	0.044	0	1
1	0	0	1	0	0	29.6	0	0.477	0.523	0	3
0	0	0	0	0	1	43.18	0	0.966	0.034	0	2
1	0	1	1	0	1	58.32	0	0.018	0.982	0	3
1	1	1	1	1	1	44.06	0.956	0	0.044	0	1
1	1	1	1	1	1	57.82	0.956	0	0.044	0	1
1	1	1	1	1	0	78.48	0.956	0	0.044	0	1
1	0	0	1	0	1	60.4	0	0.477	0.523	0	3
1	1	1	1	1	1	61.16	0.956	0	0.044	0	1
1	0	1	1	1	0	55.88	0.752	0	0.248	0	1
1	1	1	1	1	0	.	0.956	0	0.044	0	1
0	0	0	0	0	0	44.89	0	0.966	0.034	0	2
0	0	1	1	0	1	45.88	0	0.066	0.934	0	3
1	1	1	1	1	0	57.51	0.956	0	0.044	0	1
1	1	1	1	1	1	37.64	0.956	0	0.044	0	1
0	1	1	0	1	0	51.72	0.428	0	0.572	0	3
0	0	0	0	0	0	68.98	0	0.966	0.034	0	2
0	0	0	0	0	0	44.54	0	0.966	0.034	0	2
1	1	1	1	1	0	57.86	0.956	0	0.044	0	1
1	0	1	1	0	1	79.24	0	0.018	0.982	0	3
1	1	1	1	1	1	73.68	0.956	0	0.044	0	1
0	0	1	1	1	0	.	0.552	0	0.448	0	1
0	0	0	0	0	0	71.03	0	0.966	0.034	0	2
1	1	1	0	0	1	74.33	0	0.006	0.994	0	3
1	1	1	1	1	1	60.65	0.956	0	0.044	0	1
0	1	0	1	1	0	42.59	0.343	0	0.161	0.495	4
0	0	0	1	1	0	42.15	0.033	0	0.112	0.855	4
0	1	1	1	1	1	62.26	0.898	0	0.102	0	1
0	0	0	0	0	1	41.46	0	0.966	0.034	0	2
1	0	1	1	0	0	57.81	0	0.018	0.982	0	3
0	0	0	1	0	1	40.01	0	0.775	0.225	0	2
1	1	1	1	1	0	71.27	0.956	0	0.044	0	1
1	1	1	1	1	1	49.44	0.956	0	0.044	0	1
0	0	0	0	0	1	52.68	0	0.966	0.034	0	2
0	0	0	0	.	0	45.71	0	0.863	0.047	0.09	2
1	1	1	1	1	0	54.47	0.956	0	0.044	0	1
0	1	0	1	1	1	55.02	0.343	0	0.161	0.495	4
0	0	0	0	0	0	34.19	0	0.966	0.034	0	2
1	1	0	1	1	1	63.71	0.613	0	0.117	0.27	1
1	1	0	1	1	0	56.83	0.613	0	0.117	0.27	1
0	0	1	0	1	1	44.52	0.095	0	0.905	0	3
1	1	1	1	1	1	79.58	0.956	0	0.044	0	1
1	.	1	0	0	0	54.83	0	0.055	0.945	0	3
1	0	1	1	1	1	51.34	0.752	0	0.248	0	1
1	1	1	1	1	1	73.14	0.956	0	0.044	0	1
0	0	0	1	0	1	.	0	0.775	0.225	0	2
0	0	0	0	0	0	60.45	0	0.966	0.034	0	2
1	1	1	0	0	0	70.5	0	0.006	0.994	0	3
0	0	0	0	0	1	56.8	0	0.966	0.034	0	2
1	1	1	1	1	1	63.35	0.956	0	0.044	0	1
0	0	1	1	1	0	44.58	0.552	0	0.448	0	1
0	1	0	1	1	0	63.98	0.343	0	0.161	0.495	4
0	0	0	0	0	0	67.62	0	0.966	0.034	0	2
1	1	0	1	1	0	54.84	0.613	0	0.117	0.27	1
1	0	1	0	1	1	71	0.206	0	0.794	0	3
0	0	0	1	1	0	50.52	0.033	0	0.112	0.855	4
0	1	0	0	1	1	.	0.053	0	0.292	0.654	4
1	1	0	1	1	0	50.06	0.613	0	0.117	0.27	1
0	0	0	0	0	1	49.69	0	0.966	0.034	0	2
1	0	0	1	1	1	.	0.099	0	0.134	0.768	4
1	0	1	0	0	1	55	0	0.133	0.867	0	3
1	1	1	1	1	1	41.87	0.956	0	0.044	0	1
0	1	1	1	1	1	48.87	0.898	0	0.102	0	1
0	1	0	1	1	0	53.84	0.343	0	0.161	0.495	4
0	0	0	1	0	1	59.36	0	0.775	0.225	0	2
1	1	0	1	1	0	68.99	0.613	0	0.117	0.27	1
1	0	0	1	1	0	65.41	0.099	0	0.134	0.768	4
0	1	1	1	0	1	67.84	0	0.003	0.997	0	3
0	1	0	1	1	1	50.76	0.343	0	0.161	0.495	4
1	1	0	1	1	0	48.86	0.613	0	0.117	0.27	1
0	1	0	0	0	0	71.99	0	0.538	0.462	0	2
1	1	0	1	0	1	64.05	0	0.036	0.964	0	3
1	1	0	1	1	0	49.14	0.613	0	0.117	0.27	1
1	1	0	1	1	1	65.01	0.613	0	0.117	0.27	1
1	0	0	0	0	1	55.37	0	0.883	0.117	0	2
1	0	1	.	1	1	60.91	0.669	0	0.331	0	1
1	1	1	1	1	0	64.61	0.956	0	0.044	0	1
1	1	1	1	0	1	42.16	0	0.001	0.999	0	3
1	1	1	1	1	0	63.32	0.956	0	0.044	0	1
0	1	1	1	1	1	62.31	0.898	0	0.102	0	1
1	1	0	1	1	0	68.79	0.613	0	0.117	0.27	1
1	1	1	1	1	0	68.15	0.956	0	0.044	0	1
1	1	1	1	1	0	62.36	0.956	0	0.044	0	1
1	1	1	1	1	0	80.48	0.956	0	0.044	0	1
1	1	1	0	0	1	55.99	0	0.006	0.994	0	3
1	1	1	1	1	0	74.01	0.956	0	0.044	0	1
1	1	1	1	1	1	69.78	0.956	0	0.044	0	1
1	1	1	1	1	1	50.84	0.956	0	0.044	0	1
1	1	1	1	1	1	66.28	0.956	0	0.044	0	1
1	0	0	0	0	1	68.84	0	0.883	0.117	0	2
1	1	1	1	1	1	64.4	0.956	0	0.044	0	1
1	1	1	1	1	0	.	0.956	0	0.044	0	1
1	1	1	1	1	0	62.26	0.956	0	0.044	0	1
1	1	0	0	1	0	58.07	0.143	0	0.32	0.537	4
1	1	1	1	1	0	61.64	0.956	0	0.044	0	1
1	1	0	1	1	0	51.71	0.613	0	0.117	0.27	1
0	1	1	1	1	0	65.81	0.898	0	0.102	0	1
0	0	1	1	1	1	70.7	0.552	0	0.448	0	1
0	1	0	0	0	1	64.63	0	0.538	0.462	0	2
0	0	0	0	0	1	54.72	0	0.966	0.034	0	2
1	1	1	0	0	1	55.2	0	0.006	0.994	0	3
1	1	1	1	1	0	40.31	0.956	0	0.044	0	1
1	1	0	0	1	1	61.72	0.143	0	0.32	0.537	4
1	1	1	1	1	1	75.14	0.956	0	0.044	0	1
1	1	1	1	1	0	76.73	0.956	0	0.044	0	1
1	1	0	1	1	0	66.5	0.613	0	0.117	0.27	1
1	1	1	1	1	1	51.57	0.956	0	0.044	0	1
1	0	1	1	0	0	64.35	0	0.018	0.982	0	3
1	0	0	0	1	1	77.67	0.012	0	0.191	0.797	4
0	1	1	1	1	1	51.45	0.898	0	0.102	0	1
1	1	1	1	1	0	76.88	0.956	0	0.044	0	1
1	1	1	1	1	1	61.41	0.956	0	0.044	0	1
1	.	1	1	1	0	66.68	0.938	0	0.062	0	1
1	0	1	1	1	0	51.32	0.752	0	0.248	0	1
1	1	1	1	1	0	69.03	0.956	0	0.044	0	1
1	0	0	0	1	1	60.44	0.012	0	0.191	0.797	4
1	1	1	1	1	1	68.47	0.956	0	0.044	0	1
0	1	1	1	0	1	73.54	0	0.003	0.997	0	3
1	1	0	1	1	0	69.15	0.613	0	0.117	0.27	1
1	0	1	0	0	0	63.86	0	0.133	0.867	0	3
1	1	1	1	1	1	37.29	0.956	0	0.044	0	1
1	1	1	1	1	0	71.28	0.956	0	0.044	0	1
1	1	0	1	0	1	41.71	0	0.036	0.964	0	3
1	1	1	1	1	0	58.27	0.956	0	0.044	0	1
1	1	1	1	1	1	37.18	0.956	0	0.044	0	1
1	1	1	1	1	0	44.27	0.956	0	0.044	0	1
1	1	0	1	1	0	53.35	0.613	0	0.117	0.27	1
1	1	1	1	1	0	59.76	0.956	0	0.044	0	1
1	1	1	1	1	1	69.12	0.956	0	0.044	0	1
1	1	0	1	1	0	53.66	0.613	0	0.117	0.27	1
1	1	1	1	1	1	50.67	0.956	0	0.044	0	1
1	1	1	1	1	0	.	0.956	0	0.044	0	1
1	1	1	1	1	1	52.36	0.956	0	0.044	0	1
1	0	1	1	0	0	54.96	0	0.018	0.982	0	3
0	1	1	1	1	0	68.3	0.898	0	0.102	0	1
1	1	1	1	1	0	56.08	0.956	0	0.044	0	1
1	1	1	1	1	0	59.52	0.956	0	0.044	0	1
1	1	1	1	1	0	75.04	0.956	0	0.044	0	1
1	1	1	1	1	1	42.61	0.956	0	0.044	0	1
1	1	1	1	0	0	60.78	0	0.001	0.999	0	3
1	1	1	1	1	1	70.78	0.956	0	0.044	0	1
0	1	1	1	1	0	42.11	0.898	0	0.102	0	1
1	1	1	1	1	0	59.63	0.956	0	0.044	0	1
1	0	0	0	0	0	.	0	0.883	0.117	0	2
1	1	1	1	1	0	58.1	0.956	0	0.044	0	1
1	1	1	0	1	1	.	0.648	0	0.352	0	1
1	1	1	1	1	1	35.84	0.956	0	0.044	0	1
1	1	0	0	1	1	42.69	0.143	0	0.32	0.537	4
1	1	1	1	1	0	53.4	0.956	0	0.044	0	1
0	1	1	1	1	0	48.59	0.898	0	0.102	0	1
1	1	1	1	1	1	53.21	0.956	0	0.044	0	1
1	1	1	1	0	1	45.33	0	0.001	0.999	0	3
0	1	1	1	0	0	69.58	0	0.003	0.997	0	3
1	1	1	1	1	0	54.63	0.956	0	0.044	0	1
1	1	0	1	1	0	58.27	0.613	0	0.117	0.27	1
1	0	1	1	1	1	40.81	0.752	0	0.248	0	1
1	1	1	1	1	1	78.27	0.956	0	0.044	0	1
1	0	0	1	1	1	51.69	0.099	0	0.134	0.768	4
1	0	0	0	0	0	38.02	0	0.883	0.117	0	2
1	1	1	1	1	1	63.68	0.956	0	0.044	0	1
1	1	0	1	1	0	44.76	0.613	0	0.117	0.27	1
1	0	1	1	0	1	36.53	0	0.018	0.982	0	3
1	0	0	1	0	1	28.63	0	0.477	0.523	0	3
0	0	0	0	0	1	29.52	0	0.966	0.034	0	2
1	1	1	1	1	0	65.01	0.956	0	0.044	0	1
1	1	0	1	1	1	.	0.613	0	0.117	0.27	1
0	1	1	1	1	1	.	0.898	0	0.102	0	1
1	0	0	1	0	1	.	0	0.477	0.523	0	3
0	1	1	1	1	1	.	0.898	0	0.102	0	1
1	1	1	1	0	0	73.29	0	0.001	0.999	0	3
1	1	1	1	0	0	40.72	0	0.001	0.999	0	3
1	1	1	1	1	1	77.77	0.956	0	0.044	0	1
1	1	1	1	1	0	.	0.956	0	0.044	0	1
1	0	0	1	1	0	62.84	0.099	0	0.134	0.768	4
1	1	1	1	1	1	48.11	0.956	0	0.044	0	1
1	0	0	1	0	1	.	0	0.477	0.523	0	3
1	1	1	1	1	0	.	0.956	0	0.044	0	1
1	1	1	0	1	1	50.6	0.648	0	0.352	0	1
1	1	1	1	1	1	57.61	0.956	0	0.044	0	1
0	0	1	0	1	0	55.62	0.095	0	0.905	0	3
0	1	1	1	1	0	40.47	0.898	0	0.102	0	1
1	1	1	1	0	0	45.96	0	0.001	0.999	0	3
1	1	1	1	1	1	54.06	0.956	0	0.044	0	1
1	0	1	0	0	1	60.89	0	0.133	0.867	0	3
0	0	0	0	0	1	68.98	0	0.966	0.034	0	2
0	1	1	1	1	0	64.83	0.898	0	0.102	0	1
1	1	0	1	0	0	51.1	0	0.036	0.964	0	3
1	1	1	1	1	1	.	0.956	0	0.044	0	1
1	1	1	1	1	0	59.45	0.956	0	0.044	0	1
1	1	1	0	1	0	60.74	0.648	0	0.352	0	1
0	0	0	0	0	1	.	0	0.966	0.034	0	2
0	0	0	1	1	0	.	0.033	0	0.112	0.855	4
1	1	0	0	1	1	43.65	0.143	0	0.32	0.537	4
0	1	1	1	1	0	48.89	0.898	0	0.102	0	1
1	0	1	1	0	0	.	0	0.018	0.982	0	3
0	0	1	1	1	0	43.53	0.552	0	0.448	0	1
1	1	0	1	1	0	51.91	0.613	0	0.117	0.27	1
1	1	.	1	1	1	46.12	0.904	0	0.055	0.04	1
1	1	0	1	1	0	55.07	0.613	0	0.117	0.27	1
0	0	0	0	0	1	52.85	0	0.966	0.034	0	2
1	0	1	1	0	1	44.61	0	0.018	0.982	0	3
1	1	1	1	1	1	44.34	0.956	0	0.044	0	1
1	1	0	1	1	0	59.95	0.613	0	0.117	0.27	1
1	1	1	1	1	1	56.91	0.956	0	0.044	0	1
0	0	0	1	0	0	58.42	0	0.775	0.225	0	2
1	0	0	1	1	1	51.54	0.099	0	0.134	0.768	4
1	1	1	1	0	1	40.86	0	0.001	0.999	0	3
1	1	1	1	1	1	55.54	0.956	0	0.044	0	1
0	1	0	1	0	0	39.26	0	0.123	0.877	0	3
1	1	1	1	1	1	49.86	0.956	0	0.044	0	1
1	1	0	0	0	0	52.55	0	0.235	0.765	0	3
1	1	1	1	1	0	48.68	0.956	0	0.044	0	1
0	1	1	0	1	0	.	0.428	0	0.572	0	3
1	1	0	0	0	1	37.83	0	0.235	0.765	0	3
1	0	0	0	0	1	55.84	0	0.883	0.117	0	2
1	0	1	1	1	1	47.48	0.752	0	0.248	0	1
1	1	1	.	1	1	62.98	0.935	0	0.065	0	1
1	0	1	1	1	0	.	0.752	0	0.248	0	1
0	1	0	1	0	0	52.05	0	0.123	0.877	0	3
1	1	1	1	0	1	60.8	0	0.001	0.999	0	3
0	1	1	1	1	1	52.64	0.898	0	0.102	0	1
0	1	0	0	1	0	44.38	0.053	0	0.292	0.654	4
0	1	1	1	0	1	.	0	0.003	0.997	0	3
1	1	1	1	1	1	48.2	0.956	0	0.044	0	1
1	1	1	1	1	0	58.51	0.956	0	0.044	0	1
1	1	1	1	1	1	71.55	0.956	0	0.044	0	1
1	1	0	1	0	0	58.19	0	0.036	0.964	0	3
1	0	1	1	1	0	52.27	0.752	0	0.248	0	1
1	1	1	1	1	0	43.99	0.956	0	0.044	0	1
1	1	1	1	1	0	41.03	0.956	0	0.044	0	1
1	1	1	.	1	0	51.2	0.935	0	0.065	0	1
1	1	1	1	1	1	44.55	0.956	0	0.044	0	1
1	1	1	1	1	0	54.01	0.956	0	0.044	0	1
1	1	1	1	1	0	73.42	0.956	0	0.044	0	1
1	1	1	1	1	0	75.81	0.956	0	0.044	0	1
1	1	1	1	1	1	65.22	0.956	0	0.044	0	1
1	1	1	1	1	0	33.66	0.956	0	0.044	0	1
1	1	1	1	1	1	78.28	0.956	0	0.044	0	1
0	1	1	1	1	0	69.79	0.898	0	0.102	0	1
0	0	0	0	0	1	71.77	0	0.966	0.034	0	2
0	1	0	1	1	1	70.28	0.343	0	0.161	0.495	4
1	1	1	1	1	0	73.37	0.956	0	0.044	0	1
1	1	1	1	1	1	.	0.956	0	0.044	0	1
0	0	1	1	1	1	62.93	0.552	0	0.448	0	1
0	0	0	1	0	0	48.81	0	0.775	0.225	0	2
1	1	1	1	1	0	82.99	0.956	0	0.044	0	1
1	1	1	1	1	1	69.38	0.956	0	0.044	0	1
1	.	0	1	0	1	37.43	0	0.255	0.745	0	3
1	1	1	1	1	0	.	0.956	0	0.044	0	1
1	1	1	0	0	0	78.65	0	0.006	0.994	0	3
1	1	1	0	1	1	75.09	0.648	0	0.352	0	1
1	1	1	1	1	0	79.37	0.956	0	0.044	0	1
0	1	0	0	0	0	73.27	0	0.538	0.462	0	2
1	1	1	1	1	1	75.62	0.956	0	0.044	0	1
1	1	0	0	.	0	.	0.081	0.103	0.515	0.302	3
1	1	0	1	1	0	55.66	0.613	0	0.117	0.27	1
1	1	1	1	1	1	51.07	0.956	0	0.044	0	1
1	1	1	1	1	1	.	0.956	0	0.044	0	1
1	1	1	0	0	1	66.37	0	0.006	0.994	0	3
0	1	0	1	1	0	57.25	0.343	0	0.161	0.495	4
0	0	0	0	0	1	62.34	0	0.966	0.034	0	2
1	1	0	1	0	1	70.19	0	0.036	0.964	0	3
1	1	1	1	1	1	72.02	0.956	0	0.044	0	1
1	1	1	0	1	0	51.96	0.648	0	0.352	0	1
1	0	1	1	0	1	59.35	0	0.018	0.982	0	3
1	1	1	1	0	1	66.31	0	0.001	0.999	0	3
1	1	1	1	1	1	.	0.956	0	0.044	0	1
1	1	0	0	0	0	52.39	0	0.235	0.765	0	3
0	0	0	0	0	1	55.68	0	0.966	0.034	0	2
1	1	1	1	0	1	56.46	0	0.001	0.999	0	3
0	0	1	1	1	1	55.03	0.552	0	0.448	0	1
1	1	1	1	1	1	.	0.956	0	0.044	0	1
0	0	0	1	1	0	39.38	0.033	0	0.112	0.855	4
1	1	0	1	1	1	78.51	0.613	0	0.117	0.27	1
0	1	1	1	1	0	46.92	0.898	0	0.102	0	1
1	0	0	.	.	0	44.66	0.033	0.421	0.194	0.351	2
0	0	0	0	0	1	42.46	0	0.966	0.034	0	2
1	0	0	0	0	1	59.82	0	0.883	0.117	0	2
1	1	1	1	1	0	58.43	0.956	0	0.044	0	1
0	0	0	1	0	0	72.77	0	0.775	0.225	0	2
0	1	1	1	1	1	42.02	0.898	0	0.102	0	1
1	1	0	1	1	1	53.16	0.613	0	0.117	0.27	1
1	1	1	.	1	0	70.35	0.935	0	0.065	0	1
1	0	1	1	1	1	44.82	0.752	0	0.248	0	1
1	1	1	1	1	1	44.79	0.956	0	0.044	0	1
1	1	1	1	1	0	67.72	0.956	0	0.044	0	1
0	0	1	1	1	1	72.22	0.552	0	0.448	0	1
1	1	1	1	1	1	45.91	0.956	0	0.044	0	1
1	1	0	1	1	0	43.53	0.613	0	0.117	0.27	1
1	0	0	0	0	0	.	0	0.883	0.117	0	2
1	0	0	1	1	1	.	0.099	0	0.134	0.768	4
0	0	1	1	1	1	45.14	0.552	0	0.448	0	1
1	1	0	1	1	0	36.56	0.613	0	0.117	0.27	1
1	1	1	1	1	0	50.56	0.956	0	0.044	0	1
0	1	1	1	1	0	63.22	0.898	0	0.102	0	1
1	1	0	1	1	0	52.59	0.613	0	0.117	0.27	1
1	.	0	1	1	0	67.65	0.449	0	0.122	0.429	1
1	1	1	1	1	0	45.5	0.956	0	0.044	0	1
1	1	1	1	1	0	60.17	0.956	0	0.044	0	1
1	1	0	1	1	1	.	0.613	0	0.117	0.27	1
0	1	1	1	0	0	52.64	0	0.003	0.997	0	3
1	0	1	1	1	0	.	0.752	0	0.248	0	1
1	1	1	1	1	1	33.77	0.956	0	0.044	0	1
1	1	1	1	1	1	49.88	0.956	0	0.044	0	1
1	1	1	1	1	0	51.44	0.956	0	0.044	0	1
1	1	1	1	0	1	.	0	0.001	0.999	0	3
1	.	1	1	1	0	49.73	0.938	0	0.062	0	1
1	1	1	1	1	1	41.7	0.956	0	0.044	0	1
1	1	1	1	1	0	.	0.956	0	0.044	0	1
1	0	0	0	1	0	.	0.012	0	0.191	0.797	4
1	.	1	1	1	0	51.32	0.938	0	0.062	0	1
0	0	0	0	0	0	49.6	0	0.966	0.034	0	2
1	1	1	1	0	0	.	0	0.001	0.999	0	3
1	1	1	1	1	1	48.64	0.956	0	0.044	0	1
0	1	0	1	1	1	60.22	0.343	0	0.161	0.495	4
1	1	0	1	0	0	60.64	0	0.036	0.964	0	3
1	1	0	1	1	0	44.38	0.613	0	0.117	0.27	1
0	0	0	0	1	0	.	0.004	0	0.152	0.844	4
1	1	1	1	1	0	39.47	0.956	0	0.044	0	1
1	0	0	0	0	1	32.41	0	0.883	0.117	0	2
1	1	1	1	1	1	45.08	0.956	0	0.044	0	1
1	1	1	1	1	0	52.99	0.956	0	0.044	0	1
0	1	1	0	0	1	.	0	0.023	0.977	0	3
0	0	0	0	0	1	33.54	0	0.966	0.034	0	2
0	0	0	0	0	0	53.16	0	0.966	0.034	0	2
1	0	0	1	0	1	.	0	0.477	0.523	0	3
1	0	1	1	1	1	65.97	0.752	0	0.248	0	1
1	1	1	1	1	0	55.09	0.956	0	0.044	0	1
1	1	1	1	1	1	52.87	0.956	0	0.044	0	1
0	1	1	1	1	0	54.25	0.898	0	0.102	0	1
1	1	.	1	1	0	52.89	0.904	0	0.055	0.04	1
0	0	0	1	0	0	49.49	0	0.775	0.225	0	2
0	1	1	1	1	1	.	0.898	0	0.102	0	1
1	1	1	1	1	0	59.3	0.956	0	0.044	0	1
1	1	0	1	1	1	60.92	0.613	0	0.117	0.27	1
1	1	1	1	1	1	.	0.956	0	0.044	0	1
1	0	0	1	0	1	.	0	0.477	0.523	0	3
1	1	1	1	1	0	66.78	0.956	0	0.044	0	1
1	1	1	1	1	1	48.24	0.956	0	0.044	0	1
1	1	1	1	0	0	36.21	0	0.001	0.999	0	3
0	1	0	1	1	1	55.2	0.343	0	0.161	0.495	4
1	1	0	1	1	0	.	0.613	0	0.117	0.27	1
1	1	1	1	1	0	69.73	0.956	0	0.044	0	1
1	1	1	1	1	1	50.43	0.956	0	0.044	0	1
1	1	1	1	1	0	.	0.956	0	0.044	0	1
0	0	0	0	0	1	47.98	0	0.966	0.034	0	2
0	0	0	0	0	0	55.67	0	0.966	0.034	0	2
1	1	1	1	1	1	.	0.956	0	0.044	0	1
1	1	1	1	1	1	55.3	0.956	0	0.044	0	1
1	1	0	1	1	0	58.1	0.613	0	0.117	0.27	1
0	0	0	0	0	1	67.61	0	0.966	0.034	0	2
1	1	0	1	1	1	66.77	0.613	0	0.117	0.27	1
1	1	1	0	1	1	73.34	0.648	0	0.352	0	1
0	1	0	1	1	0	59.99	0.343	0	0.161	0.495	4
0	0	1	1	1	0	41.32	0.552	0	0.448	0	1
0	1	0	0	0	1	58.4	0	0.538	0.462	0	2
0	1	0	1	1	1	53.16	0.343	0	0.161	0.495	4
1	1	0	1	1	0	62.49	0.613	0	0.117	0.27	1
1	0	1	1	0	0	71.72	0	0.018	0.982	0	3
0	0	0	0	1	0	69.98	0.004	0	0.152	0.844	4
1	0	0	0	1	1	65.48	0.012	0	0.191	0.797	4
0	1	1	0	0	1	66.56	0	0.023	0.977	0	3
1	1	1	1	1	0	63.07	0.956	0	0.044	0	1
1	0	0	0	0	0	66.39	0	0.883	0.117	0	2
1	1	1	1	1	1	.	0.956	0	0.044	0	1
1	1	1	1	1	1	80.62	0.956	0	0.044	0	1
0	0	0	0	0	0	57.29	0	0.966	0.034	0	2
1	1	1	1	1	1	71.42	0.956	0	0.044	0	1
1	0	1	1	1	1	40.32	0.752	0	0.248	0	1
1	1	1	1	1	0	78.61	0.956	0	0.044	0	1
0	0	0	0	0	0	44.25	0	0.966	0.034	0	2
1	1	0	0	0	1	52.4	0	0.235	0.765	0	3
1	1	0	0	1	0	50.34	0.143	0	0.32	0.537	4
0	0	0	0	0	1	39.31	0	0.966	0.034	0	2
0	1	1	1	1	1	64.97	0.898	0	0.102	0	1
1	0	0	1	1	1	66.36	0.099	0	0.134	0.768	4
0	0	0	0	0	0	46.59	0	0.966	0.034	0	2
1	1	0	1	1	0	55.52	0.613	0	0.117	0.27	1
1	1	0	0	1	0	51.12	0.143	0	0.32	0.537	4
1	1	0	1	1	0	65.04	0.613	0	0.117	0.27	1
1	1	1	1	1	1	56.28	0.956	0	0.044	0	1
1	1	0	1	1	1	68.31	0.613	0	0.117	0.27	1
0	0	0	0	0	0	60.44	0	0.966	0.034	0	2
1	0	0	0	0	1	53.88	0	0.883	0.117	0	2
1	1	1	1	1	0	58.34	0.956	0	0.044	0	1
1	0	0	0	0	1	49.58	0	0.883	0.117	0	2
0	0	0	1	0	0	58.12	0	0.775	0.225	0	2
1	1	0	1	0	1	46.83	0	0.036	0.964	0	3
1	1	1	1	1	0	51.92	0.956	0	0.044	0	1
1	1	0	0	1	1	.	0.143	0	0.32	0.537	4
0	0	0	0	1	1	60.96	0.004	0	0.152	0.844	4
0	1	1	1	1	1	67.6	0.898	0	0.102	0	1
1	1	1	1	1	1	57.98	0.956	0	0.044	0	1
1	0	0	1	0	1	50.07	0	0.477	0.523	0	3
1	1	1	1	1	1	46.19	0.956	0	0.044	0	1
1	1	0	0	1	1	43.6	0.143	0	0.32	0.537	4
.	0	1	0	1	1	62.31	0.168	0	0.832	0	3
1	0	0	1	1	1	57.2	0.099	0	0.134	0.768	4
1	1	1	1	0	1	46.7	0	0.001	0.999	0	3
1	1	1	1	1	1	52.78	0.956	0	0.044	0	1
1	0	1	0	0	1	50.33	0	0.133	0.867	0	3
1	1	1	1	1	1	60.73	0.956	0	0.044	0	1
1	1	0	.	.	1	.	0.402	0.029	0.33	0.239	1
1	1	1	1	1	1	60.13	0.956	0	0.044	0	1
1	1	0	1	1	1	65.78	0.613	0	0.117	0.27	1
0	0	0	0	0	1	51.4	0	0.966	0.034	0	2
1	1	0	1	0	1	56.54	0	0.036	0.964	0	3
1	0	1	0	1	1	62.77	0.206	0	0.794	0	3
1	0	1	1	1	1	64.75	0.752	0	0.248	0	1
0	1	1	1	1	1	58.47	0.898	0	0.102	0	1
1	1	1	0	1	1	59.63	0.648	0	0.352	0	1
1	1	1	1	1	1	32.6	0.956	0	0.044	0	1
1	1	0	1	1	1	51.01	0.613	0	0.117	0.27	1
1	0	0	1	0	1	50.04	0	0.477	0.523	0	3
1	1	1	1	1	1	42.29	0.956	0	0.044	0	1
1	1	1	1	1	1	46.2	0.956	0	0.044	0	1
1	1	1	1	1	1	64.2	0.956	0	0.044	0	1
1	1	1	1	1	1	67.69	0.956	0	0.044	0	1
1	0	1	1	1	1	46.29	0.752	0	0.248	0	1
1	1	0	0	1	1	72	0.143	0	0.32	0.537	4
1	0	1	1	1	1	48.5	0.752	0	0.248	0	1
0	1	1	1	0	1	60.42	0	0.003	0.997	0	3
1	1	1	1	1	1	50.81	0.956	0	0.044	0	1
0	1	1	1	1	1	52.22	0.898	0	0.102	0	1
1	1	0	1	1	0	53.17	0.613	0	0.117	0.27	1
1	1	1	1	1	0	57.17	0.956	0	0.044	0	1
0	0	1	1	1	0	41.2	0.552	0	0.448	0	1
1	1	1	1	1	0	55.68	0.956	0	0.044	0	1
1	0	1	0	1	0	72.12	0.206	0	0.794	0	3
1	1	1	1	1	0	65.08	0.956	0	0.044	0	1
1	1	0	1	1	0	43.22	0.613	0	0.117	0.27	1
0	1	0	0	1	0	50.93	0.053	0	0.292	0.654	4
1	0	0	0	.	0	50.13	0.003	0.664	0.136	0.198	2
0	1	1	0	0	0	52.84	0	0.023	0.977	0	3
1	1	1	0	1	0	43.31	0.648	0	0.352	0	1
1	0	0	0	0	0	52.01	0	0.883	0.117	0	2
1	0	1	1	1	0	47.24	0.752	0	0.248	0	1
1	0	0	0	0	0	56.86	0	0.883	0.117	0	2
1	1	1	1	1	0	43.97	0.956	0	0.044	0	1
1	1	1	1	1	0	42.01	0.956	0	0.044	0	1
0	.	1	1	1	0	50.21	0.86	0	0.14	0	1
1	1	1	1	1	0	44.67	0.956	0	0.044	0	1
1	1	1	0	1	0	39.65	0.648	0	0.352	0	1
1	1	1	1	1	0	63.19	0.956	0	0.044	0	1
1	1	1	1	1	0	37.08	0.956	0	0.044	0	1
1	1	.	1	1	0	54.15	0.904	0	0.055	0.04	1
1	1	.	1	1	0	55.45	0.904	0	0.055	0.04	1
1	1	1	1	1	1	64.39	0.956	0	0.044	0	1
0	1	1	1	1	0	.	0.898	0	0.102	0	1
0	0	0	0	0	0	38.58	0	0.966	0.034	0	2
0	1	1	0	0	0	46.56	0	0.023	0.977	0	3
1	1	1	1	1	0	78.51	0.956	0	0.044	0	1
1	0	0	0	0	1	38.13	0	0.883	0.117	0	2
1	1	1	1	1	0	33.13	0.956	0	0.044	0	1
1	0	0	0	0	0	34.08	0	0.883	0.117	0	2
1	1	1	0	0	1	34.39	0	0.006	0.994	0	3
0	1	0	1	1	1	61.83	0.343	0	0.161	0.495	4
1	0	1	1	1	1	44.77	0.752	0	0.248	0	1
0	1	0	0	0	1	30.22	0	0.538	0.462	0	2
1	1	1	1	1	1	52.2	0.956	0	0.044	0	1
1	1	0	1	1	1	47.96	0.613	0	0.117	0.27	1
0	0	0	0	0	1	72.4	0	0.966	0.034	0	2
1	1	.	1	1	0	.	0.904	0	0.055	0.04	1
0	1	1	1	1	1	.	0.898	0	0.102	0	1
1	1	1	1	1	0	.	0.956	0	0.044	0	1
1	1	1	1	1	1	70.43	0.956	0	0.044	0	1
0	0	1	0	0	1	44.1	0	0.368	0.632	0	3
0	1	0	1	0	1	42.42	0	0.123	0.877	0	3
0	0	0	1	1	1	35.85	0.033	0	0.112	0.855	4
0	0	0	1	1	1	46.25	0.033	0	0.112	0.855	4
0	1	1	1	0	0	.	0	0.003	0.997	0	3
1	1	1	0	1	0	47.81	0.648	0	0.352	0	1
0	1	1	0	1	1	33.75	0.428	0	0.572	0	3
1	1	1	1	1	1	55.18	0.956	0	0.044	0	1
1	1	1	1	0	1	64.1	0	0.001	0.999	0	3
0	1	1	1	1	0	37.07	0.898	0	0.102	0	1
1	1	1	1	1	1	43.31	0.956	0	0.044	0	1
1	0	0	0	0	1	.	0	0.883	0.117	0	2
1	1	1	1	1	0	42.22	0.956	0	0.044	0	1
1	1	1	1	1	0	.	0.956	0	0.044	0	1
1	1	1	1	1	1	59.14	0.956	0	0.044	0	1
1	0	0	0	1	1	51.3	0.012	0	0.191	0.797	4
1	1	1	1	0	0	36.53	0	0.001	0.999	0	3
0	1	0	1	1	1	.	0.343	0	0.161	0.495	4
1	1	0	1	1	0	48.01	0.613	0	0.117	0.27	1
1	1	1	1	1	1	54.07	0.956	0	0.044	0	1
1	1	1	1	0	0	70.98	0	0.001	0.999	0	3
0	0	0	0	0	1	57.39	0	0.966	0.034	0	2
1	0	0	1	1	0	54.24	0.099	0	0.134	0.768	4
1	1	1	0	0	1	53.18	0	0.006	0.994	0	3
0	0	0	0	0	1	.	0	0.966	0.034	0	2
1	0	1	1	1	0	59.99	0.752	0	0.248	0	1
0	1	1	0	1	0	56.27	0.428	0	0.572	0	3
1	1	1	1	1	0	.	0.956	0	0.044	0	1
0	0	0	0	0	0	63	0	0.966	0.034	0	2
1	1	1	1	1	0	.	0.956	0	0.044	0	1
0	0	0	1	0	0	63.42	0	0.775	0.225	0	2
0	1	1	1	1	1	67.42	0.898	0	0.102	0	1
1	1	1	1	1	1	.	0.956	0	0.044	0	1
0	0	1	1	0	0	55.97	0	0.066	0.934	0	3
1	1	1	1	.	1	35.91	0.883	0	0.117	0	1
0	1	1	1	1	1	36.57	0.898	0	0.102	0	1
0	1	1	0	1	0	71.86	0.428	0	0.572	0	3
0	1	1	1	1	0	58.08	0.898	0	0.102	0	1
1	0	1	1	1	0	64.41	0.752	0	0.248	0	1
1	1	1	1	1	1	55.63	0.956	0	0.044	0	1
1	1	1	1	1	1	57.88	0.956	0	0.044	0	1
0	0	1	0	0	1	.	0	0.368	0.632	0	3
1	0	1	1	1	1	58.06	0.752	0	0.248	0	1
1	1	1	1	1	1	.	0.956	0	0.044	0	1
1	1	1	1	0	0	53.15	0	0.001	0.999	0	3
1	0	1	1	0	1	50.4	0	0.018	0.982	0	3
1	1	1	1	1	0	52.79	0.956	0	0.044	0	1
1	1	1	1	1	0	.	0.956	0	0.044	0	1
1	0	0	0	0	1	.	0	0.883	0.117	0	2
1	0	1	1	1	1	40.33	0.752	0	0.248	0	1
0	0	0	0	0	1	36.04	0	0.966	0.034	0	2
1	1	1	1	1	1	74.22	0.956	0	0.044	0	1
0	1	1	1	1	1	35.84	0.898	0	0.102	0	1
1	1	0	1	0	0	34.65	0	0.036	0.964	0	3
0	0	0	0	0	1	51.62	0	0.966	0.034	0	2
1	1	1	1	1	0	61.98	0.956	0	0.044	0	1
1	1	0	1	1	0	53.87	0.613	0	0.117	0.27	1
1	1	0	1	1	1	69.86	0.613	0	0.117	0.27	1
1	1	1	1	1	1	74.28	0.956	0	0.044	0	1
1	0	1	1	1	0	68.61	0.752	0	0.248	0	1
0	0	.	.	0	1	50.86	0	0.807	0.193	0	2
1	1	1	1	1	0	40.13	0.956	0	0.044	0	1
1	0	1	0	0	1	56.31	0	0.133	0.867	0	3
1	1	1	1	1	1	36.65	0.956	0	0.044	0	1
1	0	1	0	0	1	50.73	0	0.133	0.867	0	3
0	0	1	1	1	0	43.35	0.552	0	0.448	0	1
1	1	1	1	1	1	65.49	0.956	0	0.044	0	1
1	0	1	1	0	1	66.59	0	0.018	0.982	0	3
1	1	1	1	1	1	38.61	0.956	0	0.044	0	1
1	1	1	1	1	0	59.92	0.956	0	0.044	0	1
1	1	1	1	1	1	61.86	0.956	0	0.044	0	1
1	0	0	1	1	0	62.06	0.099	0	0.134	0.768	4
1	1	1	1	1	1	.	0.956	0	0.044	0	1
1	1	1	1	1	0	.	0.956	0	0.044	0	1
0	1	0	1	0	0	43.14	0	0.123	0.877	0	3
1	0	0	0	0	0	44.28	0	0.883	0.117	0	2
1	1	1	1	1	1	.	0.956	0	0.044	0	1
1	1	1	1	1	1	44.64	0.956	0	0.044	0	1
0	1	1	1	0	1	.	0	0.003	0.997	0	3
1	1	1	1	1	1	46.96	0.956	0	0.044	0	1
1	0	1	1	1	1	67.6	0.752	0	0.248	0	1
1	1	1	1	1	0	61.34	0.956	0	0.044	0	1
1	1	1	1	1	0	61.87	0.956	0	0.044	0	1
0	0	0	0	0	0	38.92	0	0.966	0.034	0	2
1	1	1	1	1	0	61.48	0.956	0	0.044	0	1
1	1	0	1	1	0	67.69	0.613	0	0.117	0.27	1
1	1	1	1	1	1	33.73	0.956	0	0.044	0	1
1	1	1	1	1	0	50.03	0.956	0	0.044	0	1
1	1	1	1	1	1	48.01	0.956	0	0.044	0	1
1	1	1	1	1	0	58.36	0.956	0	0.044	0	1
0	1	1	1	0	1	85.84	0	0.003	0.997	0	3
0	0	0	1	0	1	68.62	0	0.775	0.225	0	2
0	0	0	0	1	0	55.57	0.004	0	0.152	0.844	4
0	1	1	1	1	1	66.81	0.898	0	0.102	0	1
1	1	0	1	1	0	50.62	0.613	0	0.117	0.27	1
1	0	0	1	1	0	54.42	0.099	0	0.134	0.768	4
1	1	1	1	1	0	59.38	0.956	0	0.044	0	1
0	1	1	1	1	1	.	0.898	0	0.102	0	1
1	1	0	0	0	1	70.95	0	0.235	0.765	0	3
0	0	0	0	0	1	55.28	0	0.966	0.034	0	2
1	1	1	1	1	0	53.55	0.956	0	0.044	0	1
1	1	1	0	1	1	50.6	0.648	0	0.352	0	1
0	1	1	1	1	1	49.44	0.898	0	0.102	0	1
0	1	1	0	0	0	53.92	0	0.023	0.977	0	3
0	1	0	1	1	0	58.16	0.343	0	0.161	0.495	4
0	1	0	1	1	0	57.33	0.343	0	0.161	0.495	4
1	1	1	1	1	1	69.11	0.956	0	0.044	0	1
1	1	1	1	1	0	68.21	0.956	0	0.044	0	1
1	1	1	1	1	0	70.38	0.956	0	0.044	0	1
0	1	0	1	1	0	61.88	0.343	0	0.161	0.495	4
0	0	0	0	0	1	68.82	0	0.966	0.034	0	2
1	1	1	1	1	0	61.41	0.956	0	0.044	0	1
1	1	0	1	1	0	55.34	0.613	0	0.117	0.27	1
1	1	1	0	0	0	62.47	0	0.006	0.994	0	3
1	1	0	0	1	0	72.91	0.143	0	0.32	0.537	4
1	1	1	1	1	0	76.33	0.956	0	0.044	0	1
1	1	1	1	1	1	66.68	0.956	0	0.044	0	1
0	0	1	0	0	1	49.58	0	0.368	0.632	0	3
1	1	1	1	1	1	.	0.956	0	0.044	0	1
0	0	0	0	0	0	.	0	0.966	0.034	0	2
0	0	0	0	0	1	37.18	0	0.966	0.034	0	2
1	1	1	1	1	1	63.08	0.956	0	0.044	0	1
0	1	1	1	0	0	66.98	0	0.003	0.997	0	3
1	1	1	1	1	1	50.8	0.956	0	0.044	0	1
1	1	1	1	1	0	52.11	0.956	0	0.044	0	1
1	1	1	1	1	1	79.09	0.956	0	0.044	0	1
1	1	1	1	1	1	.	0.956	0	0.044	0	1
1	1	0	0	0	0	54.3	0	0.235	0.765	0	3
1	1	1	0	1	1	69.56	0.648	0	0.352	0	1
1	1	1	1	1	1	49.67	0.956	0	0.044	0	1
0	1	1	.	.	1	.	0.669	0.002	0.329	0	1
0	1	1	1	1	1	53.2	0.898	0	0.102	0	1
0	1	0	1	1	1	47.53	0.343	0	0.161	0.495	4
1	1	0	1	1	0	66.04	0.613	0	0.117	0.27	1
0	0	1	1	0	0	63.36	0	0.066	0.934	0	3
0	1	1	1	1	0	72.58	0.898	0	0.102	0	1
0	0	0	0	0	1	.	0	0.966	0.034	0	2
0	0	0	0	0	1	.	0	0.966	0.034	0	2
1	1	1	0	1	1	47.56	0.648	0	0.352	0	1
1	0	0	1	1	0	69.75	0.099	0	0.134	0.768	4
1	1	0	1	1	0	51.79	0.613	0	0.117	0.27	1
1	1	1	0	1	0	73.52	0.648	0	0.352	0	1
1	1	1	1	1	1	71.08	0.956	0	0.044	0	1
0	1	1	1	0	0	54.3	0	0.003	0.997	0	3
0	1	0	1	1	0	59.67	0.343	0	0.161	0.495	4
1	0	0	1	1	0	60.58	0.099	0	0.134	0.768	4
1	1	1	1	1	1	74.75	0.956	0	0.044	0	1
1	1	1	1	1	0	58.38	0.956	0	0.044	0	1
1	1	0	1	1	1	41.12	0.613	0	0.117	0.27	1
1	1	1	0	0	0	68.66	0	0.006	0.994	0	3
1	0	0	1	1	0	72.2	0.099	0	0.134	0.768	4
1	0	0	0	0	1	63.86	0	0.883	0.117	0	2
0	1	1	0	1	0	63.26	0.428	0	0.572	0	3
0	1	0	1	1	1	40.59	0.343	0	0.161	0.495	4
1	1	1	1	0	0	52.5	0	0.001	0.999	0	3
0	0	0	0	0	1	36.44	0	0.966	0.034	0	2
1	1	1	1	1	1	39.78	0.956	0	0.044	0	1
1	1	1	1	1	1	59.42	0.956	0	0.044	0	1
0	1	1	1	1	1	42.5	0.898	0	0.102	0	1
1	1	1	1	1	1	69.53	0.956	0	0.044	0	1
0	1	1	1	0	1	74.31	0	0.003	0.997	0	3
1	1	1	1	1	0	75.07	0.956	0	0.044	0	1
1	1	0	1	0	0	57.84	0	0.036	0.964	0	3
0	0	0	0	0	1	68.42	0	0.966	0.034	0	2
1	1	1	0	1	1	68.17	0.648	0	0.352	0	1
0	1	1	1	1	1	41.22	0.898	0	0.102	0	1
0	1	1	1	1	0	63.67	0.898	0	0.102	0	1
0	1	1	1	1	0	72	0.898	0	0.102	0	1
1	1	1	1	1	1	57.41	0.956	0	0.044	0	1
1	1	1	1	1	0	76.99	0.956	0	0.044	0	1
1	1	1	1	0	1	70.09	0	0.001	0.999	0	3
1	1	1	1	1	1	71.61	0.956	0	0.044	0	1
1	1	0	1	1	0	47.41	0.613	0	0.117	0.27	1
0	0	1	1	1	0	70.73	0.552	0	0.448	0	1
1	1	1	1	1	1	80.65	0.956	0	0.044	0	1
1	1	1	1	1	0	65.09	0.956	0	0.044	0	1
1	1	1	0	0	1	66.23	0	0.006	0.994	0	3
0	1	0	0	1	0	60.83	0.053	0	0.292	0.654	4
0	0	0	0	0	1	47.68	0	0.966	0.034	0	2
0	1	0	1	1	1	69.89	0.343	0	0.161	0.495	4
1	1	0	1	1	0	53.95	0.613	0	0.117	0.27	1
0	0	0	0	0	0	52.92	0	0.966	0.034	0	2
1	0	0	1	0	0	63.87	0	0.477	0.523	0	3
0	1	1	1	1	0	58.74	0.898	0	0.102	0	1
1	1	0	0	1	0	59.29	0.143	0	0.32	0.537	4
0	0	0	1	0	1	45.27	0	0.775	0.225	0	2
1	1	1	1	1	1	76.59	0.956	0	0.044	0	1
1	1	1	1	0	0	58.82	0	0.001	0.999	0	3
0	0	1	1	1	0	81.63	0.552	0	0.448	0	1
1	1	1	.	.	1	57.32	0.834	0	0.166	0	1
1	1	0	1	1	1	64.55	0.613	0	0.117	0.27	1
1	0	1	0	0	0	61.12	0	0.133	0.867	0	3
0	0	0	0	1	1	49.39	0.004	0	0.152	0.844	4
1	1	1	1	1	0	51.03	0.956	0	0.044	0	1
1	1	1	1	1	1	75.08	0.956	0	0.044	0	1
1	0	1	1	1	0	70.8	0.752	0	0.248	0	1
1	1	1	1	1	1	68.76	0.956	0	0.044	0	1
1	1	1	1	0	0	.	0	0.001	0.999	0	3
0	1	1	1	1	1	67.82	0.898	0	0.102	0	1
1	1	1	0	1	1	68.29	0.648	0	0.352	0	1
1	0	0	0	1	1	56.82	0.012	0	0.191	0.797	4
1	1	1	0	0	1	73.69	0	0.006	0.994	0	3
1	1	1	1	1	0	87.73	0.956	0	0.044	0	1
1	1	1	1	1	1	91.17	0.956	0	0.044	0	1
1	1	1	1	1	1	63.74	0.956	0	0.044	0	1
1	1	0	1	1	0	68.29	0.613	0	0.117	0.27	1
0	0	1	1	0	1	47.48	0	0.066	0.934	0	3
1	1	1	1	1	0	53.86	0.956	0	0.044	0	1
1	0	0	0	1	1	36.13	0.012	0	0.191	0.797	4
0	1	0	0	0	1	73.28	0	0.538	0.462	0	2
0	1	0	1	1	1	60.34	0.343	0	0.161	0.495	4
1	1	1	0	1	0	64.74	0.648	0	0.352	0	1
1	1	1	1	1	0	66.79	0.956	0	0.044	0	1
1	0	0	0	1	0	52.15	0.012	0	0.191	0.797	4
0	1	1	0	1	0	61.28	0.428	0	0.572	0	3
1	1	.	0	1	0	57.38	0.478	0	0.341	0.182	1
0	1	1	1	1	1	55.88	0.898	0	0.102	0	1
1	1	1	1	1	1	69.23	0.956	0	0.044	0	1
1	0	0	1	0	0	58.46	0	0.477	0.523	0	3
1	1	1	1	1	1	59.61	0.956	0	0.044	0	1
0	0	0	0	0	0	45.76	0	0.966	0.034	0	2
1	0	1	1	0	1	76.61	0	0.018	0.982	0	3
0	0	0	1	1	0	41.75	0.033	0	0.112	0.855	4
1	1	0	1	1	1	56.73	0.613	0	0.117	0.27	1
0	1	0	1	1	0	51.99	0.343	0	0.161	0.495	4
1	0	1	1	1	1	64.48	0.752	0	0.248	0	1
1	1	1	1	1	0	74.19	0.956	0	0.044	0	1
1	1	1	1	1	1	71.97	0.956	0	0.044	0	1
0	0	0	1	0	1	65.53	0	0.775	0.225	0	2
0	1	1	1	1	1	74.37	0.898	0	0.102	0	1
1	0	1	1	0	0	76.19	0	0.018	0.982	0	3
0	1	0	0	0	1	44.04	0	0.538	0.462	0	2
1	1	1	1	1	1	55.59	0.956	0	0.044	0	1
0	1	1	1	1	0	74.31	0.898	0	0.102	0	1
1	0	1	0	0	1	60.25	0	0.133	0.867	0	3
0	1	1	1	1	0	57.52	0.898	0	0.102	0	1
1	1	0	0	1	0	52.14	0.143	0	0.32	0.537	4
1	1	1	1	1	1	70.28	0.956	0	0.044	0	1
1	1	1	1	1	1	57.04	0.956	0	0.044	0	1
0	1	1	1	1	1	.	0.898	0	0.102	0	1
1	1	1	1	1	1	69.02	0.956	0	0.044	0	1
0	1	1	1	1	1	71.26	0.898	0	0.102	0	1
1	1	1	1	1	0	68.96	0.956	0	0.044	0	1
0	1	1	1	1	0	51	0.898	0	0.102	0	1
1	1	1	1	1	0	66.73	0.956	0	0.044	0	1
1	1	1	1	1	0	57.34	0.956	0	0.044	0	1
1	1	1	1	1	0	78.01	0.956	0	0.044	0	1
0	0	0	1	1	1	52.51	0.033	0	0.112	0.855	4
0	1	0	0	0	1	54.25	0	0.538	0.462	0	2
0	0	0	1	1	1	.	0.033	0	0.112	0.855	4
0	1	0	1	1	1	54.87	0.343	0	0.161	0.495	4
0	1	1	.	1	1	50.34	0.854	0	0.146	0	1
1	0	1	1	1	0	66.96	0.752	0	0.248	0	1
0	0	0	0	0	1	37.69	0	0.966	0.034	0	2
1	1	1	1	1	0	54.32	0.956	0	0.044	0	1
0	0	0	0	1	1	70.51	0.004	0	0.152	0.844	4
0	0	1	0	0	0	54.78	0	0.368	0.632	0	3
0	1	1	1	0	0	73.83	0	0.003	0.997	0	3
0	1	1	1	1	0	48.21	0.898	0	0.102	0	1
1	1	1	0	0	1	72.5	0	0.006	0.994	0	3
1	0	0	0	0	1	39.26	0	0.883	0.117	0	2
0	0	0	1	0	0	57.9	0	0.775	0.225	0	2
0	1	1	0	1	0	45.2	0.428	0	0.572	0	3
1	1	1	0	0	1	67.16	0	0.006	0.994	0	3
0	1	1	1	1	0	64.41	0.898	0	0.102	0	1
1	1	1	0	0	0	68.66	0	0.006	0.994	0	3
0	0	.	0	1	1	43.79	0.028	0	0.351	0.62	4
1	1	0	1	0	1	39.57	0	0.036	0.964	0	3
1	1	1	1	1	1	34.51	0.956	0	0.044	0	1
0	1	1	0	1	0	61.25	0.428	0	0.572	0	3
1	0	0	1	1	1	46.48	0.099	0	0.134	0.768	4
0	1	1	0	1	1	.	0.428	0	0.572	0	3
0	1	1	1	0	0	57.69	0	0.003	0.997	0	3
0	0	0	0	0	1	57.89	0	0.966	0.034	0	2
1	0	0	0	1	1	62.78	0.012	0	0.191	0.797	4
1	1	1	1	1	0	70.39	0.956	0	0.044	0	1
0	1	1	0	1	1	63.38	0.428	0	0.572	0	3
1	1	0	.	1	0	71.54	0.531	0	0.152	0.316	1
0	0	0	0	0	1	61.47	0	0.966	0.034	0	2
1	1	1	1	1	0	62.06	0.956	0	0.044	0	1
1	0	0	0	0	0	60.22	0	0.883	0.117	0	2
1	1	1	1	1	0	68.98	0.956	0	0.044	0	1
1	1	1	1	1	1	90.86	0.956	0	0.044	0	1
0	1	0	0	1	1	56.64	0.053	0	0.292	0.654	4
0	1	1	0	1	1	55.98	0.428	0	0.572	0	3
1	1	1	1	1	1	51.9	0.956	0	0.044	0	1
1	1	1	1	1	0	66.11	0.956	0	0.044	0	1
0	1	1	0	.	1	51.05	0.205	0.012	0.783	0	3
0	1	1	1	1	0	74.8	0.898	0	0.102	0	1
0	1	1	1	1	0	65.43	0.898	0	0.102	0	1
1	1	0	1	0	0	62.48	0	0.036	0.964	0	3
1	1	1	1	1	1	75.69	0.956	0	0.044	0	1
0	1	1	1	1	1	56.81	0.898	0	0.102	0	1
1	1	1	1	1	0	72.04	0.956	0	0.044	0	1
0	1	1	1	1	0	67.88	0.898	0	0.102	0	1
0	0	0	0	1	1	65.17	0.004	0	0.152	0.844	4
1	1	0	1	1	0	73.07	0.613	0	0.117	0.27	1
0	1	1	1	1	1	66.34	0.898	0	0.102	0	1
1	1	1	1	1	0	76.45	0.956	0	0.044	0	1
1	1	0	1	1	0	72.13	0.613	0	0.117	0.27	1
1	1	1	1	1	0	75.85	0.956	0	0.044	0	1
1	1	1	1	1	0	59.2	0.956	0	0.044	0	1
1	1	1	1	1	1	.	0.956	0	0.044	0	1
0	.	1	1	0	0	56.56	0	0.026	0.974	0	3
1	1	1	1	1	0	63.14	0.956	0	0.044	0	1
1	1	0	1	1	1	.	0.613	0	0.117	0.27	1
0	1	1	0	0	1	30.21	0	0.023	0.977	0	3
1	1	1	1	1	0	65.44	0.956	0	0.044	0	1
1	1	1	1	1	0	67.9	0.956	0	0.044	0	1
1	0	0	0	0	1	44.42	0	0.883	0.117	0	2
1	1	1	1	1	1	48.18	0.956	0	0.044	0	1
0	1	1	1	1	0	67.08	0.898	0	0.102	0	1
1	1	1	1	1	1	43.84	0.956	0	0.044	0	1
0	1	1	1	1	1	47.5	0.898	0	0.102	0	1
1	0	0	0	0	0	46.75	0	0.883	0.117	0	2
0	1	0	0	0	0	44.89	0	0.538	0.462	0	2
1	1	1	1	1	1	61.64	0.956	0	0.044	0	1
1	1	1	1	1	1	56.39	0.956	0	0.044	0	1
0	1	1	1	1	1	45.52	0.898	0	0.102	0	1
0	0	0	0	0	1	.	0	0.966	0.034	0	2
1	1	1	1	0	0	44.76	0	0.001	0.999	0	3
0	1	1	.	.	1	50.77	0.669	0.002	0.329	0	1
0	1	.	1	0	0	.	0	0.044	0.956	0	3
1	1	1	1	1	0	56.51	0.956	0	0.044	0	1
0	1	1	1	1	0	56.51	0.898	0	0.102	0	1
1	1	1	1	1	1	.	0.956	0	0.044	0	1
1	1	1	1	1	0	62.89	0.956	0	0.044	0	1
0	1	1	0	0	0	.	0	0.023	0.977	0	3
1	1	1	1	1	1	50.72	0.956	0	0.044	0	1
1	1	1	1	1	0	65.16	0.956	0	0.044	0	1
1	1	1	1	1	1	41.22	0.956	0	0.044	0	1
1	1	1	1	1	0	57.88	0.956	0	0.044	0	1
0	1	0	0	0	0	55.71	0	0.538	0.462	0	2
0	0	0	1	1	1	.	0.033	0	0.112	0.855	4
1	1	1	1	1	1	.	0.956	0	0.044	0	1
0	0	0	0	0	0	42.4	0	0.966	0.034	0	2
0	1	1	1	1	0	61.73	0.898	0	0.102	0	1
0	1	1	1	1	1	.	0.898	0	0.102	0	1
1	1	1	1	1	1	.	0.956	0	0.044	0	1
1	1	1	1	1	0	61.13	0.956	0	0.044	0	1
0	0	0	0	0	1	74.69	0	0.966	0.034	0	2
1	1	1	1	1	1	57.25	0.956	0	0.044	0	1
1	1	1	1	1	0	62.66	0.956	0	0.044	0	1
0	1	1	1	1	0	.	0.898	0	0.102	0	1
0	0	0	0	0	1	76.79	0	0.966	0.034	0	2
1	1	1	1	0	0	43.56	0	0.001	0.999	0	3
1	0	0	1	1	1	45.1	0.099	0	0.134	0.768	4
1	1	1	1	0	1	59.67	0	0.001	0.999	0	3
0	1	1	1	1	0	66.5	0.898	0	0.102	0	1
1	0	1	1	1	0	.	0.752	0	0.248	0	1
1	1	1	1	1	1	76.52	0.956	0	0.044	0	1
0	1	1	1	0	0	71.91	0	0.003	0.997	0	3
1	0	0	0	0	0	46.45	0	0.883	0.117	0	2
1	0	1	0	1	0	55.16	0.206	0	0.794	0	3
0	1	1	1	0	1	56.61	0	0.003	0.997	0	3
1	1	1	1	1	1	52.14	0.956	0	0.044	0	1
0	0	0	0	0	1	63.5	0	0.966	0.034	0	2
0	1	1	0	0	0	41.78	0	0.023	0.977	0	3
1	0	0	0	0	0	74.28	0	0.883	0.117	0	2
0	1	1	1	1	0	52.64	0.898	0	0.102	0	1
1	1	1	0	1	1	58.37	0.648	0	0.352	0	1
0	1	0	0	1	0	47.5	0.053	0	0.292	0.654	4
1	1	1	1	1	1	73.57	0.956	0	0.044	0	1
1	1	1	1	0	0	72.81	0	0.001	0.999	0	3
0	1	0	1	0	0	67.85	0	0.123	0.877	0	3
0	1	1	1	1	0	.	0.898	0	0.102	0	1
1	0	.	1	1	0	65.43	0.45	0	0.195	0.355	1
0	1	1	1	1	0	37.52	0.898	0	0.102	0	1
1	1	1	0	1	0	42.07	0.648	0	0.352	0	1
1	1	0	1	1	1	63.23	0.613	0	0.117	0.27	1
0	1	1	1	.	0	.	0.753	0	0.246	0	1
1	1	1	0	1	0	44.26	0.648	0	0.352	0	1
0	1	1	.	1	1	43.64	0.854	0	0.146	0	1
1	1	1	1	1	0	.	0.956	0	0.044	0	1
1	.	.	.	1	1	37.32	0.792	0	0.104	0.104	1
1	.	.	.	.	1	.	0.622	0.063	0.233	0.082	1
1	1	1	1	1	1	43.28	0.956	0	0.044	0	1
1	1	1	1	1	1	.	0.956	0	0.044	0	1
1	0	0	0	0	1	50.89	0	0.883	0.117	0	2
1	1	1	.	1	1	61.32	0.935	0	0.065	0	1
1	1	1	1	1	0	47.37	0.956	0	0.044	0	1
.	1	1	1	0	1	.	0	0.002	0.998	0	3
0	0	0	1	1	0	39.41	0.033	0	0.112	0.855	4
0	1	1	1	1	0	35.95	0.898	0	0.102	0	1
1	0	0	.	0	1	51.24	0	0.769	0.231	0	2
1	1	1	1	0	0	44.31	0	0.001	0.999	0	3
1	1	0	1	1	0	54.79	0.613	0	0.117	0.27	1
0	0	1	1	0	0	.	0	0.066	0.934	0	3
1	1	1	1	1	1	48.22	0.956	0	0.044	0	1
1	1	1	1	1	1	42.76	0.956	0	0.044	0	1
0	1	0	1	1	0	38.45	0.343	0	0.161	0.495	4
1	1	1	.	.	1	44.52	0.834	0	0.166	0	1
1	0	0	.	1	0	44.89	0.074	0	0.15	0.776	4
0	0	1	1	1	0	36.36	0.552	0	0.448	0	1
1	0	1	1	1	1	48.45	0.752	0	0.248	0	1
1	1	1	1	1	1	59.35	0.956	0	0.044	0	1
1	1	1	1	1	0	55.22	0.956	0	0.044	0	1
0	1	0	0	1	1	74.49	0.053	0	0.292	0.654	4
0	0	0	0	0	0	29.81	0	0.966	0.034	0	2
0	1	0	0	0	0	49.64	0	0.538	0.462	0	2
1	1	0	0	1	1	44.89	0.143	0	0.32	0.537	4
1	0	0	1	0	0	42.89	0	0.477	0.523	0	3
1	1	1	1	1	0	61.46	0.956	0	0.044	0	1
1	1	1	1	1	1	77.89	0.956	0	0.044	0	1
1	1	1	1	1	1	55.5	0.956	0	0.044	0	1
1	1	1	1	1	1	73.61	0.956	0	0.044	0	1
1	0	1	1	1	1	65.94	0.752	0	0.248	0	1
1	1	1	1	1	0	74.18	0.956	0	0.044	0	1
1	1	1	1	1	1	74.36	0.956	0	0.044	0	1
1	0	1	1	0	0	.	0	0.018	0.982	0	3
1	1	1	1	1	1	59.93	0.956	0	0.044	0	1
1	1	1	1	1	1	.	0.956	0	0.044	0	1
1	0	1	1	1	0	63.64	0.752	0	0.248	0	1
1	0	0	0	1	1	58.45	0.012	0	0.191	0.797	4
0	0	0	0	0	1	59.35	0	0.966	0.034	0	2
1	0	0	0	0	1	60.12	0	0.883	0.117	0	2
1	1	0	1	1	0	69.72	0.613	0	0.117	0.27	1
0	1	.	1	1	0	61.51	0.771	0	0.116	0.113	1
0	1	1	1	1	0	63.94	0.898	0	0.102	0	1
1	1	1	1	0	0	63.78	0	0.001	0.999	0	3
0	1	1	1	0	1	55.96	0	0.003	0.997	0	3
1	1	1	1	1	1	67.16	0.956	0	0.044	0	1
0	0	0	1	1	1	39.66	0.033	0	0.112	0.855	4
1	0	1	1	0	1	66.74	0	0.018	0.982	0	3
1	1	1	1	1	1	.	0.956	0	0.044	0	1
0	0	0	1	0	0	47.3	0	0.775	0.225	0	2
0	0	0	0	0	1	40.06	0	0.966	0.034	0	2
1	0	0	0	0	1	67.93	0	0.883	0.117	0	2
1	1	1	1	0	0	63.26	0	0.001	0.999	0	3
1	0	0	0	0	1	31.85	0	0.883	0.117	0	2
1	1	1	1	1	0	60.74	0.956	0	0.044	0	1
1	0	1	0	0	1	50.22	0	0.133	0.867	0	3
0	0	0	0	0	0	42.73	0	0.966	0.034	0	2
1	1	0	0	0	1	33.19	0	0.235	0.765	0	3
1	0	0	1	1	0	70.07	0.099	0	0.134	0.768	4
1	1	1	1	1	1	.	0.956	0	0.044	0	1
1	1	1	0	1	1	56.08	0.648	0	0.352	0	1
0	0	0	1	1	0	65.84	0.033	0	0.112	0.855	4
1	0	1	1	0	0	70	0	0.018	0.982	0	3
0	0	0	1	0	1	.	0	0.775	0.225	0	2
0	0	1	0	0	0	.	0	0.368	0.632	0	3
0	1	0	0	0	0	66.84	0	0.538	0.462	0	2
0	1	1	1	1	0	68.86	0.898	0	0.102	0	1
0	1	1	1	1	1	72.55	0.898	0	0.102	0	1
1	0	0	0	0	0	40.48	0	0.883	0.117	0	2
1	0	1	1	1	0	52.27	0.752	0	0.248	0	1
1	1	1	1	1	0	43.9	0.956	0	0.044	0	1
1	1	1	1	1	0	42.51	0.956	0	0.044	0	1
1	1	1	1	1	1	67.05	0.956	0	0.044	0	1
0	0	0	0	0	1	.	0	0.966	0.034	0	2
1	1	1	1	1	1	.	0.956	0	0.044	0	1
1	1	1	1	1	1	73.94	0.956	0	0.044	0	1
1	1	1	1	1	0	49.79	0.956	0	0.044	0	1
1	1	1	1	1	0	55.42	0.956	0	0.044	0	1
1	1	1	1	1	1	53.29	0.956	0	0.044	0	1
1	1	1	1	1	0	58.92	0.956	0	0.044	0	1
1	1	1	0	1	1	.	0.648	0	0.352	0	1
1	1	1	1	1	1	55.32	0.956	0	0.044	0	1
1	0	0	0	0	1	48.6	0	0.883	0.117	0	2
0	1	1	1	1	0	60.26	0.898	0	0.102	0	1
0	0	0	0	0	1	56.73	0	0.966	0.034	0	2
1	1	1	1	1	1	62.45	0.956	0	0.044	0	1
1	1	1	1	1	1	53.27	0.956	0	0.044	0	1
0	1	1	0	1	1	44.01	0.428	0	0.572	0	3
1	1	1	1	1	1	61.99	0.956	0	0.044	0	1
1	1	1	1	1	1	62.24	0.956	0	0.044	0	1
1	1	1	1	1	1	65.09	0.956	0	0.044	0	1
0	1	1	1	1	1	34.55	0.898	0	0.102	0	1
1	1	1	1	1	0	63.63	0.956	0	0.044	0	1
0	1	1	1	1	0	60.04	0.898	0	0.102	0	1
0	1	1	1	1	0	64.59	0.898	0	0.102	0	1
1	1	0	1	0	1	44.69	0	0.036	0.964	0	3
0	1	1	1	1	1	65.65	0.898	0	0.102	0	1
1	1	1	1	1	1	61.97	0.956	0	0.044	0	1
1	1	1	1	1	0	38.08	0.956	0	0.044	0	1
0	0	0	0	0	0	30.44	0	0.966	0.034	0	2
1	1	1	1	1	0	69.99	0.956	0	0.044	0	1
1	1	1	1	1	1	37.84	0.956	0	0.044	0	1
1	1	0	1	1	0	59.59	0.613	0	0.117	0.27	1
1	0	0	0	1	1	51.51	0.012	0	0.191	0.797	4
1	1	1	1	1	0	74.26	0.956	0	0.044	0	1
0	0	0	0	0	0	58.31	0	0.966	0.034	0	2
1	0	1	0	1	1	51.58	0.206	0	0.794	0	3
1	1	1	1	1	1	52.29	0.956	0	0.044	0	1
1	1	1	1	1	0	.	0.956	0	0.044	0	1
1	1	1	1	1	0	61.46	0.956	0	0.044	0	1
1	0	0	0	0	1	36.48	0	0.883	0.117	0	2
0	0	0	1	1	1	71.98	0.033	0	0.112	0.855	4
1	1	1	1	1	0	68.94	0.956	0	0.044	0	1
1	1	1	1	1	1	73.65	0.956	0	0.044	0	1
0	1	.	.	1	0	55.99	0.702	0	0.158	0.139	1
0	0	1	1	0	0	63.1	0	0.066	0.934	0	3
0	0	1	1	0	1	.	0	0.066	0.934	0	3
1	1	1	1	1	1	65.87	0.956	0	0.044	0	1
1	0	0	1	1	0	.	0.099	0	0.134	0.768	4
1	1	1	1	1	0	63.45	0.956	0	0.044	0	1
1	1	0	0	1	0	75.16	0.143	0	0.32	0.537	4
1	1	1	1	1	0	72.15	0.956	0	0.044	0	1
0	1	1	1	1	1	.	0.898	0	0.102	0	1
1	1	1	1	1	1	.	0.956	0	0.044	0	1
0	1	1	1	1	0	67.85	0.898	0	0.102	0	1
